0.000000e+00 1.843035e+00 -2.343965e+00
1.000000e-08 1.828265e+00 -2.358735e+00
2.000000e-08 1.813495e+00 -2.373505e+00
3.000000e-08 1.798725e+00 -2.388275e+00
4.000000e-08 1.783955e+00 -2.403045e+00
5.000000e-08 1.769185e+00 -2.417815e+00
6.000000e-08 1.754415e+00 -2.432585e+00
7.000000e-08 1.739645e+00 -2.447355e+00
8.000000e-08 1.724875e+00 -2.462125e+00
9.000000e-08 1.710105e+00 -2.476895e+00
1.000000e-07 1.695335e+00 -2.491665e+00
1.100000e-07 1.680565e+00 -2.506435e+00
1.200000e-07 1.665795e+00 -2.521205e+00
1.300000e-07 1.651025e+00 -2.535975e+00
1.400000e-07 1.636255e+00 -2.550745e+00
1.500000e-07 1.621485e+00 -2.565515e+00
1.600000e-07 1.606715e+00 -2.580285e+00
1.700000e-07 1.591945e+00 -2.595055e+00
1.800000e-07 1.577175e+00 -2.609825e+00
1.900000e-07 1.562405e+00 -2.624595e+00
2.000000e-07 1.547635e+00 -2.639365e+00
2.100000e-07 1.532865e+00 -2.654135e+00
2.200000e-07 1.518095e+00 -2.668905e+00
2.300000e-07 1.503325e+00 -2.683675e+00
2.400000e-07 1.488555e+00 -2.698445e+00
2.500000e-07 1.473785e+00 -2.713215e+00
2.600000e-07 1.459015e+00 -2.727985e+00
2.700000e-07 1.444245e+00 -2.742755e+00
2.800000e-07 1.429475e+00 -2.757525e+00
2.900000e-07 1.414705e+00 -2.772295e+00
3.000000e-07 1.399935e+00 -2.787065e+00
3.100000e-07 1.385165e+00 -2.801835e+00
3.200000e-07 1.370395e+00 -2.816605e+00
3.300000e-07 1.355625e+00 -2.831375e+00
3.400000e-07 1.340855e+00 -2.846145e+00
3.500000e-07 1.326085e+00 -2.860915e+00
3.600000e-07 1.311315e+00 -2.875685e+00
3.700000e-07 1.296545e+00 -2.890455e+00
3.800000e-07 1.281775e+00 -2.905225e+00
3.900000e-07 1.267005e+00 -2.919995e+00
4.000000e-07 1.252235e+00 -2.934765e+00
4.100000e-07 1.237465e+00 -2.949535e+00
4.200000e-07 1.222695e+00 -2.964305e+00
4.300000e-07 1.207925e+00 -2.979075e+00
4.400000e-07 1.193155e+00 -2.993845e+00
4.500000e-07 1.178385e+00 -3.008615e+00
4.600000e-07 1.163615e+00 -3.023385e+00
4.700000e-07 1.148845e+00 -3.038155e+00
4.800000e-07 1.134075e+00 -3.052925e+00
4.900000e-07 1.119305e+00 -3.067695e+00
5.000000e-07 1.104535e+00 -3.082465e+00
5.100000e-07 1.089765e+00 -3.097235e+00
5.200000e-07 1.074995e+00 -3.112005e+00
5.300000e-07 1.060225e+00 -3.126775e+00
5.400000e-07 1.045455e+00 -3.141545e+00
5.500000e-07 1.030685e+00 -3.156315e+00
5.600000e-07 1.015915e+00 -3.171085e+00
5.700000e-07 1.001145e+00 -3.185855e+00
5.800000e-07 9.863752e-01 -3.200625e+00
5.900000e-07 9.716052e-01 -3.215395e+00
6.000000e-07 9.568352e-01 -3.230165e+00
6.100000e-07 9.420652e-01 -3.244935e+00
6.200000e-07 9.272952e-01 -3.259705e+00
6.300000e-07 9.125252e-01 -3.274475e+00
6.400000e-07 8.977552e-01 -3.289245e+00
6.500000e-07 8.829852e-01 -3.304015e+00
6.600000e-07 8.682152e-01 -3.318785e+00
6.700000e-07 8.534452e-01 -3.333555e+00
6.800000e-07 8.386752e-01 -3.348325e+00
6.900000e-07 8.239052e-01 -3.363095e+00
7.000000e-07 8.091352e-01 -3.377865e+00
7.100000e-07 7.943653e-01 -3.392635e+00
7.200000e-07 7.795953e-01 -3.407405e+00
7.300000e-07 7.648253e-01 -3.422175e+00
7.400000e-07 7.500553e-01 -3.436945e+00
7.500000e-07 7.352853e-01 -3.451715e+00
7.600000e-07 7.205153e-01 -3.466485e+00
7.700000e-07 7.057453e-01 -3.481255e+00
7.800000e-07 6.909753e-01 -3.496025e+00
7.900000e-07 6.762053e-01 -3.510795e+00
8.000000e-07 6.614353e-01 -3.525565e+00
8.100000e-07 6.466653e-01 -3.540335e+00
8.200000e-07 6.318953e-01 -3.555105e+00
8.300000e-07 6.171253e-01 -3.569875e+00
8.400000e-07 6.023553e-01 -3.584645e+00
8.500000e-07 5.875853e-01 -3.599415e+00
8.600000e-07 5.728153e-01 -3.614185e+00
8.700000e-07 5.580453e-01 -3.628955e+00
8.800000e-07 5.432753e-01 -3.643725e+00
8.900000e-07 5.285053e-01 -3.658495e+00
9.000000e-07 5.137353e-01 -3.673265e+00
9.100000e-07 4.989653e-01 -3.688035e+00
9.200000e-07 4.841953e-01 -3.702805e+00
9.300000e-07 4.694253e-01 -3.717575e+00
9.400000e-07 4.546553e-01 -3.732345e+00
9.500000e-07 4.398853e-01 -3.747115e+00
9.600000e-07 4.251153e-01 -3.761885e+00
9.700000e-07 4.103453e-01 -3.776655e+00
9.800000e-07 3.955753e-01 -3.791425e+00
9.900000e-07 3.808053e-01 -3.806195e+00
1.000000e-06 3.660353e-01 -3.820965e+00
1.010000e-06 3.512653e-01 -3.835735e+00
1.020000e-06 3.364954e-01 -3.850505e+00
1.030000e-06 3.217254e-01 -3.865275e+00
1.040000e-06 3.069554e-01 -3.880045e+00
1.050000e-06 2.921854e-01 -3.894815e+00
1.060000e-06 2.774154e-01 -3.909585e+00
1.070000e-06 2.626454e-01 -3.924355e+00
1.080000e-06 2.478754e-01 -3.939125e+00
1.090000e-06 2.331054e-01 -3.953895e+00
1.100000e-06 2.183354e-01 -3.968665e+00
1.110000e-06 2.035654e-01 -3.983435e+00
1.120000e-06 1.887954e-01 -3.998205e+00
1.130000e-06 1.740254e-01 -4.012975e+00
1.140000e-06 1.592554e-01 -4.027745e+00
1.150000e-06 1.444854e-01 -4.042515e+00
1.160000e-06 1.297154e-01 -4.057285e+00
1.170000e-06 1.149454e-01 -4.072055e+00
1.180000e-06 1.001754e-01 -4.086825e+00
1.190000e-06 8.540540e-02 -4.101595e+00
1.200000e-06 7.063541e-02 -4.116365e+00
1.210000e-06 5.586541e-02 -4.131135e+00
1.220000e-06 4.109541e-02 -4.145905e+00
1.230000e-06 2.632542e-02 -4.160675e+00
1.240000e-06 1.155542e-02 -4.175445e+00
1.250000e-06 -3.214577e-03 -4.190215e+00
1.260000e-06 -1.798457e-02 -4.204985e+00
1.270000e-06 -3.275457e-02 -4.219755e+00
1.280000e-06 -4.752457e-02 -4.234525e+00
1.290000e-06 -6.229456e-02 -4.249295e+00
1.300000e-06 -7.706456e-02 -4.264065e+00
1.310000e-06 -9.183456e-02 -4.278835e+00
1.320000e-06 -1.066046e-01 -4.293605e+00
1.330000e-06 -1.213746e-01 -4.308375e+00
1.340000e-06 -1.361445e-01 -4.323145e+00
1.350000e-06 -1.509145e-01 -4.337915e+00
1.360000e-06 -1.656845e-01 -4.352685e+00
1.370000e-06 -1.804545e-01 -4.367455e+00
1.380000e-06 -1.952245e-01 -4.382225e+00
1.390000e-06 -2.099945e-01 -4.396995e+00
1.400000e-06 -2.247645e-01 -4.411765e+00
1.410000e-06 -2.395345e-01 -4.426535e+00
1.420000e-06 -2.543045e-01 -4.441305e+00
1.430000e-06 -2.690745e-01 -4.456075e+00
1.440000e-06 -2.838445e-01 -4.470845e+00
1.450000e-06 -2.986145e-01 -4.485615e+00
1.460000e-06 -3.133845e-01 -4.500385e+00
1.470000e-06 -3.281545e-01 -4.515155e+00
1.480000e-06 -3.429245e-01 -4.529925e+00
1.490000e-06 -3.576945e-01 -4.544695e+00
1.500000e-06 -3.724645e-01 -4.559464e+00
1.510000e-06 -3.872345e-01 -4.574234e+00
1.520000e-06 -4.020045e-01 -4.589004e+00
1.530000e-06 -4.167745e-01 -4.603774e+00
1.540000e-06 -4.315445e-01 -4.618544e+00
1.550000e-06 -4.463145e-01 -4.633314e+00
1.560000e-06 -4.610845e-01 -4.648084e+00
1.570000e-06 -4.758545e-01 -4.662854e+00
1.580000e-06 -4.906245e-01 -4.677624e+00
1.590000e-06 -5.053945e-01 -4.692394e+00
1.600000e-06 -5.201645e-01 -4.707164e+00
1.610000e-06 -5.349345e-01 -4.721934e+00
1.620000e-06 -5.497045e-01 -4.736704e+00
1.630000e-06 -5.644745e-01 -4.751474e+00
1.640000e-06 -5.792445e-01 -4.766244e+00
1.650000e-06 -5.940145e-01 -4.781014e+00
1.660000e-06 -6.087845e-01 -4.795785e+00
1.670000e-06 -6.235545e-01 -4.810555e+00
1.680000e-06 -6.383245e-01 -4.825325e+00
1.690000e-06 -6.530946e-01 -4.840095e+00
1.700000e-06 -6.678646e-01 -4.854865e+00
1.710000e-06 -6.826346e-01 -4.869635e+00
1.720000e-06 -6.974047e-01 -4.884405e+00
1.730000e-06 -7.121748e-01 -4.899175e+00
1.740000e-06 -7.269448e-01 -4.913945e+00
1.750000e-06 -7.417150e-01 -4.928715e+00
1.760000e-06 -7.564851e-01 -4.943485e+00
1.770000e-06 -7.712553e-01 -4.958255e+00
1.780000e-06 -7.860255e-01 -4.973026e+00
1.790000e-06 -8.007958e-01 -4.987796e+00
1.800000e-06 -8.155662e-01 -5.002566e+00
1.810000e-06 -8.303367e-01 -5.017337e+00
1.820000e-06 -8.451073e-01 -5.032107e+00
1.830000e-06 -8.598780e-01 -5.046878e+00
1.840000e-06 -8.746490e-01 -5.061649e+00
1.850000e-06 -8.894203e-01 -5.076420e+00
1.860000e-06 -9.041918e-01 -5.091192e+00
1.870000e-06 -9.189638e-01 -5.105964e+00
1.880000e-06 -9.337364e-01 -5.120736e+00
1.890000e-06 -9.485096e-01 -5.135510e+00
1.900000e-06 -9.632836e-01 -5.150284e+00
1.910000e-06 -9.780588e-01 -5.165059e+00
1.920000e-06 -9.928353e-01 -5.179835e+00
1.930000e-06 -1.007614e+00 -5.194614e+00
1.940000e-06 -1.022394e+00 -5.209394e+00
1.950000e-06 -1.037177e+00 -5.224177e+00
1.960000e-06 -1.051964e+00 -5.238964e+00
1.970000e-06 -1.066755e+00 -5.253755e+00
1.980000e-06 -1.081552e+00 -5.268552e+00
1.990000e-06 -1.096356e+00 -5.283356e+00
2.000000e-06 -1.449879e+00 -4.949879e+00
2.010000e-06 -1.432676e+00 -4.932676e+00
2.020000e-06 -1.415486e+00 -4.915486e+00
2.030000e-06 -1.398312e+00 -4.898312e+00
2.040000e-06 -1.381155e+00 -4.881155e+00
2.050000e-06 -1.364020e+00 -4.864020e+00
2.060000e-06 -1.346907e+00 -4.846907e+00
2.070000e-06 -1.329821e+00 -4.829821e+00
2.080000e-06 -1.312763e+00 -4.812763e+00
2.090000e-06 -1.295736e+00 -4.795736e+00
2.100000e-06 -1.278744e+00 -4.778744e+00
2.110000e-06 -1.261790e+00 -4.761790e+00
2.120000e-06 -1.244877e+00 -4.744877e+00
2.130000e-06 -1.228008e+00 -4.728008e+00
2.140000e-06 -1.211186e+00 -4.711186e+00
2.150000e-06 -1.194414e+00 -4.694414e+00
2.160000e-06 -1.177697e+00 -4.677697e+00
2.170000e-06 -1.161037e+00 -4.661037e+00
2.180000e-06 -1.144437e+00 -4.644437e+00
2.190000e-06 -1.127902e+00 -4.627902e+00
2.200000e-06 -1.111435e+00 -4.611435e+00
2.210000e-06 -1.095039e+00 -4.595039e+00
2.220000e-06 -1.078718e+00 -4.578718e+00
2.230000e-06 -1.062474e+00 -4.562474e+00
2.240000e-06 -1.046312e+00 -4.546312e+00
2.250000e-06 -1.030235e+00 -4.530235e+00
2.260000e-06 -1.014247e+00 -4.514247e+00
2.270000e-06 -9.983502e-01 -4.498350e+00
2.280000e-06 -9.825487e-01 -4.482549e+00
2.290000e-06 -9.668455e-01 -4.466846e+00
2.300000e-06 -9.512441e-01 -4.451244e+00
2.310000e-06 -9.357476e-01 -4.435748e+00
2.320000e-06 -9.203591e-01 -4.420359e+00
2.330000e-06 -9.050819e-01 -4.405082e+00
2.340000e-06 -8.899188e-01 -4.389919e+00
2.350000e-06 -8.748730e-01 -4.374873e+00
2.360000e-06 -8.599473e-01 -4.359947e+00
2.370000e-06 -8.451445e-01 -4.345144e+00
2.380000e-06 -8.304673e-01 -4.330467e+00
2.390000e-06 -8.159186e-01 -4.315919e+00
2.400000e-06 -8.015007e-01 -4.301501e+00
2.410000e-06 -7.872163e-01 -4.287216e+00
2.420000e-06 -7.730678e-01 -4.273068e+00
2.430000e-06 -7.590574e-01 -4.259057e+00
2.440000e-06 -7.451874e-01 -4.245187e+00
2.450000e-06 -7.314600e-01 -4.231460e+00
2.460000e-06 -7.178771e-01 -4.217877e+00
2.470000e-06 -7.044407e-01 -4.204441e+00
2.480000e-06 -6.911527e-01 -4.191153e+00
2.490000e-06 -6.780147e-01 -4.178015e+00
2.500000e-06 -6.650283e-01 -4.165028e+00
2.510000e-06 -6.521953e-01 -4.152195e+00
2.520000e-06 -6.395168e-01 -4.139517e+00
2.530000e-06 -6.269943e-01 -4.126994e+00
2.540000e-06 -6.146290e-01 -4.114629e+00
2.550000e-06 -6.024220e-01 -4.102422e+00
2.560000e-06 -5.903743e-01 -4.090374e+00
2.570000e-06 -5.784867e-01 -4.078487e+00
2.580000e-06 -5.667602e-01 -4.066760e+00
2.590000e-06 -5.551953e-01 -4.055195e+00
2.600000e-06 -5.437928e-01 -4.043793e+00
2.610000e-06 -5.325530e-01 -4.032553e+00
2.620000e-06 -5.214764e-01 -4.021476e+00
2.630000e-06 -5.105632e-01 -4.010563e+00
2.640000e-06 -4.998137e-01 -3.999814e+00
2.650000e-06 -4.892280e-01 -3.989228e+00
2.660000e-06 -4.788060e-01 -3.978806e+00
2.670000e-06 -4.685477e-01 -3.968548e+00
2.680000e-06 -4.584529e-01 -3.958453e+00
2.690000e-06 -4.485213e-01 -3.948521e+00
2.700000e-06 -4.387526e-01 -3.938753e+00
2.710000e-06 -4.291463e-01 -3.929146e+00
2.720000e-06 -4.197019e-01 -3.919702e+00
2.730000e-06 -4.104187e-01 -3.910419e+00
2.740000e-06 -4.012962e-01 -3.901296e+00
2.750000e-06 -3.923335e-01 -3.892333e+00
2.760000e-06 -3.835298e-01 -3.883530e+00
2.770000e-06 -3.748841e-01 -3.874884e+00
2.780000e-06 -3.663956e-01 -3.866396e+00
2.790000e-06 -3.580630e-01 -3.858063e+00
2.800000e-06 -3.498854e-01 -3.849885e+00
2.810000e-06 -3.418615e-01 -3.841861e+00
2.820000e-06 -3.339901e-01 -3.833990e+00
2.830000e-06 -3.262698e-01 -3.826270e+00
2.840000e-06 -3.186994e-01 -3.818699e+00
2.850000e-06 -3.112774e-01 -3.811277e+00
2.860000e-06 -3.040024e-01 -3.804002e+00
2.870000e-06 -2.968727e-01 -3.796873e+00
2.880000e-06 -2.898870e-01 -3.789887e+00
2.890000e-06 -2.830436e-01 -3.783044e+00
2.900000e-06 -2.763408e-01 -3.776341e+00
2.910000e-06 -2.697769e-01 -3.769777e+00
2.920000e-06 -2.633503e-01 -3.763350e+00
2.930000e-06 -2.570592e-01 -3.757059e+00
2.940000e-06 -2.509018e-01 -3.750902e+00
2.950000e-06 -2.448763e-01 -3.744876e+00
2.960000e-06 -2.389808e-01 -3.738981e+00
2.970000e-06 -2.332136e-01 -3.733214e+00
2.980000e-06 -2.275726e-01 -3.727573e+00
2.990000e-06 -2.220560e-01 -3.722056e+00
3.000000e-06 -2.166619e-01 -3.716662e+00
3.010000e-06 -2.113884e-01 -3.711388e+00
3.020000e-06 -2.062334e-01 -3.706233e+00
3.030000e-06 -2.011949e-01 -3.701195e+00
3.040000e-06 -1.962711e-01 -3.696271e+00
3.050000e-06 -1.914600e-01 -3.691460e+00
3.060000e-06 -1.867594e-01 -3.686759e+00
3.070000e-06 -1.821675e-01 -3.682167e+00
3.080000e-06 -1.776822e-01 -3.677682e+00
3.090000e-06 -1.733015e-01 -3.673302e+00
3.100000e-06 -1.690234e-01 -3.669023e+00
3.110000e-06 -1.648459e-01 -3.664846e+00
3.120000e-06 -1.607671e-01 -3.660767e+00
3.130000e-06 -1.567848e-01 -3.656785e+00
3.140000e-06 -1.528971e-01 -3.652897e+00
3.150000e-06 -1.491021e-01 -3.649102e+00
3.160000e-06 -1.453977e-01 -3.645398e+00
3.170000e-06 -1.417820e-01 -3.641782e+00
3.180000e-06 -1.382530e-01 -3.638253e+00
3.190000e-06 -1.348089e-01 -3.634809e+00
3.200000e-06 -1.314476e-01 -3.631448e+00
3.210000e-06 -1.281674e-01 -3.628167e+00
3.220000e-06 -1.249662e-01 -3.624966e+00
3.230000e-06 -1.218422e-01 -3.621842e+00
3.240000e-06 -1.187937e-01 -3.618794e+00
3.250000e-06 -1.158186e-01 -3.615819e+00
3.260000e-06 -1.129153e-01 -3.612915e+00
3.270000e-06 -1.100820e-01 -3.610082e+00
3.280000e-06 -1.073168e-01 -3.607317e+00
3.290000e-06 -1.046182e-01 -3.604618e+00
3.300000e-06 -1.019842e-01 -3.601984e+00
3.310000e-06 -9.941335e-02 -3.599413e+00
3.320000e-06 -9.690388e-02 -3.596904e+00
3.330000e-06 -9.445420e-02 -3.594454e+00
3.340000e-06 -9.206270e-02 -3.592063e+00
3.350000e-06 -8.972780e-02 -3.589728e+00
3.360000e-06 -8.744798e-02 -3.587448e+00
3.370000e-06 -8.522171e-02 -3.585222e+00
3.380000e-06 -8.304752e-02 -3.583048e+00
3.390000e-06 -8.092395e-02 -3.580924e+00
3.400000e-06 -7.884960e-02 -3.578850e+00
3.410000e-06 -7.682306e-02 -3.576823e+00
3.420000e-06 -7.484299e-02 -3.574843e+00
3.430000e-06 -7.290805e-02 -3.572908e+00
3.440000e-06 -7.101696e-02 -3.571017e+00
3.450000e-06 -6.916846e-02 -3.569168e+00
3.460000e-06 -6.736131e-02 -3.567361e+00
3.470000e-06 -6.559431e-02 -3.565594e+00
3.480000e-06 -6.386629e-02 -3.563866e+00
3.490000e-06 -6.217613e-02 -3.562176e+00
3.500000e-06 -6.052271e-02 -3.560523e+00
3.510000e-06 -5.890495e-02 -3.558905e+00
3.520000e-06 -5.732180e-02 -3.557322e+00
3.530000e-06 -5.577226e-02 -3.555772e+00
3.540000e-06 -5.425532e-02 -3.554255e+00
3.550000e-06 -5.277003e-02 -3.552770e+00
3.560000e-06 -5.131546e-02 -3.551315e+00
3.570000e-06 -4.989070e-02 -3.549891e+00
3.580000e-06 -4.849488e-02 -3.548495e+00
3.590000e-06 -4.712713e-02 -3.547127e+00
3.600000e-06 -4.578664e-02 -3.545787e+00
3.610000e-06 -4.447260e-02 -3.544473e+00
3.620000e-06 -4.318423e-02 -3.543184e+00
3.630000e-06 -4.192078e-02 -3.541921e+00
3.640000e-06 -4.068153e-02 -3.540682e+00
3.650000e-06 -3.946575e-02 -3.539466e+00
3.660000e-06 -3.827278e-02 -3.538273e+00
3.670000e-06 -3.710194e-02 -3.537102e+00
3.680000e-06 -3.595259e-02 -3.535953e+00
3.690000e-06 -3.482410e-02 -3.534824e+00
3.700000e-06 -3.371588e-02 -3.533716e+00
3.710000e-06 -3.262733e-02 -3.532627e+00
3.720000e-06 -3.155789e-02 -3.531558e+00
3.730000e-06 -3.050702e-02 -3.530507e+00
3.740000e-06 -2.947417e-02 -3.529474e+00
3.750000e-06 -2.845884e-02 -3.528459e+00
3.760000e-06 -2.746052e-02 -3.527461e+00
3.770000e-06 -2.647874e-02 -3.526479e+00
3.780000e-06 -2.551302e-02 -3.525513e+00
3.790000e-06 -2.456290e-02 -3.524563e+00
3.800000e-06 -2.362796e-02 -3.523628e+00
3.810000e-06 -2.270776e-02 -3.522708e+00
3.820000e-06 -2.180188e-02 -3.521802e+00
3.830000e-06 -2.090994e-02 -3.520910e+00
3.840000e-06 -2.003153e-02 -3.520032e+00
3.850000e-06 -1.916629e-02 -3.519166e+00
3.860000e-06 -1.831385e-02 -3.518314e+00
3.870000e-06 -1.747384e-02 -3.517474e+00
3.880000e-06 -1.664594e-02 -3.516646e+00
3.890000e-06 -1.582981e-02 -3.515830e+00
3.900000e-06 -1.502512e-02 -3.515025e+00
3.910000e-06 -1.423155e-02 -3.514232e+00
3.920000e-06 -1.344882e-02 -3.513449e+00
3.930000e-06 -1.267660e-02 -3.512677e+00
3.940000e-06 -1.191463e-02 -3.511915e+00
3.950000e-06 -1.116263e-02 -3.511163e+00
3.960000e-06 -1.042031e-02 -3.510420e+00
3.970000e-06 -9.687418e-03 -3.509687e+00
3.980000e-06 -8.963699e-03 -3.508964e+00
3.990000e-06 -8.248904e-03 -3.508249e+00
4.000000e-06 -7.542791e-03 -3.507543e+00
4.010000e-06 -6.845125e-03 -3.506845e+00
4.020000e-06 -6.155677e-03 -3.506156e+00
4.030000e-06 -5.474226e-03 -3.505474e+00
4.040000e-06 -4.800555e-03 -3.504801e+00
4.050000e-06 -4.134456e-03 -3.504134e+00
4.060000e-06 -3.475723e-03 -3.503476e+00
4.070000e-06 -2.824157e-03 -3.502824e+00
4.080000e-06 -2.179566e-03 -3.502180e+00
4.090000e-06 -1.541761e-03 -3.501542e+00
4.100000e-06 -9.105592e-04 -3.500911e+00
4.110000e-06 -2.857816e-04 -3.500286e+00
4.120000e-06 3.327451e-04 -3.499667e+00
4.130000e-06 9.451902e-04 -3.499055e+00
4.140000e-06 1.551718e-03 -3.498448e+00
4.150000e-06 2.152490e-03 -3.497848e+00
4.160000e-06 2.747662e-03 -3.497252e+00
4.170000e-06 3.337385e-03 -3.496663e+00
4.180000e-06 3.921809e-03 -3.496078e+00
4.190000e-06 4.501079e-03 -3.495499e+00
4.200000e-06 5.075334e-03 -3.494925e+00
4.210000e-06 5.644712e-03 -3.494355e+00
4.220000e-06 6.209348e-03 -3.493791e+00
4.230000e-06 6.769371e-03 -3.493231e+00
4.240000e-06 7.324910e-03 -3.492675e+00
4.250000e-06 7.876087e-03 -3.492124e+00
4.260000e-06 8.423025e-03 -3.491577e+00
4.270000e-06 8.965840e-03 -3.491034e+00
4.280000e-06 9.504649e-03 -3.490495e+00
4.290000e-06 1.003956e-02 -3.489960e+00
4.300000e-06 1.057069e-02 -3.489429e+00
4.310000e-06 1.109814e-02 -3.488902e+00
4.320000e-06 1.162202e-02 -3.488378e+00
4.330000e-06 1.214242e-02 -3.487858e+00
4.340000e-06 1.265945e-02 -3.487341e+00
4.350000e-06 1.317320e-02 -3.486827e+00
4.360000e-06 1.368376e-02 -3.486316e+00
4.370000e-06 1.419124e-02 -3.485809e+00
4.380000e-06 1.469572e-02 -3.485304e+00
4.390000e-06 1.519728e-02 -3.484803e+00
4.400000e-06 1.569601e-02 -3.484304e+00
4.410000e-06 1.619200e-02 -3.483808e+00
4.420000e-06 1.668532e-02 -3.483315e+00
4.430000e-06 1.717606e-02 -3.482824e+00
4.440000e-06 1.766429e-02 -3.482336e+00
4.450000e-06 1.815009e-02 -3.481850e+00
4.460000e-06 1.863353e-02 -3.481366e+00
4.470000e-06 1.911468e-02 -3.480885e+00
4.480000e-06 1.959362e-02 -3.480406e+00
4.490000e-06 2.007041e-02 -3.479930e+00
4.500000e-06 2.054511e-02 -3.479455e+00
4.510000e-06 2.101780e-02 -3.478982e+00
4.520000e-06 2.148854e-02 -3.478511e+00
4.530000e-06 2.195738e-02 -3.478043e+00
4.540000e-06 2.242439e-02 -3.477576e+00
4.550000e-06 2.288963e-02 -3.477110e+00
4.560000e-06 2.335315e-02 -3.476647e+00
4.570000e-06 2.381500e-02 -3.476185e+00
4.580000e-06 2.427526e-02 -3.475725e+00
4.590000e-06 2.473396e-02 -3.475266e+00
4.600000e-06 2.519115e-02 -3.474809e+00
4.610000e-06 2.564690e-02 -3.474353e+00
4.620000e-06 2.610124e-02 -3.473899e+00
4.630000e-06 2.655423e-02 -3.473446e+00
4.640000e-06 2.700591e-02 -3.472994e+00
4.650000e-06 2.745632e-02 -3.472544e+00
4.660000e-06 2.790551e-02 -3.472094e+00
4.670000e-06 2.835353e-02 -3.471646e+00
4.680000e-06 2.880041e-02 -3.471200e+00
4.690000e-06 2.924620e-02 -3.470754e+00
4.700000e-06 2.969093e-02 -3.470309e+00
4.710000e-06 3.013464e-02 -3.469865e+00
4.720000e-06 3.057737e-02 -3.469423e+00
4.730000e-06 3.101916e-02 -3.468981e+00
4.740000e-06 3.146005e-02 -3.468540e+00
4.750000e-06 3.190005e-02 -3.468100e+00
4.760000e-06 3.233922e-02 -3.467661e+00
4.770000e-06 3.277758e-02 -3.467222e+00
4.780000e-06 3.321516e-02 -3.466785e+00
4.790000e-06 3.365199e-02 -3.466348e+00
4.800000e-06 3.408810e-02 -3.465912e+00
4.810000e-06 3.452353e-02 -3.465476e+00
4.820000e-06 3.495830e-02 -3.465042e+00
4.830000e-06 3.539243e-02 -3.464608e+00
4.840000e-06 3.582596e-02 -3.464174e+00
4.850000e-06 3.625890e-02 -3.463741e+00
4.860000e-06 3.669129e-02 -3.463309e+00
4.870000e-06 3.712314e-02 -3.462877e+00
4.880000e-06 3.755449e-02 -3.462446e+00
4.890000e-06 3.798534e-02 -3.462015e+00
4.900000e-06 3.841573e-02 -3.461584e+00
4.910000e-06 3.884567e-02 -3.461154e+00
4.920000e-06 3.927519e-02 -3.460725e+00
4.930000e-06 3.970430e-02 -3.460296e+00
4.940000e-06 4.013303e-02 -3.459867e+00
4.950000e-06 4.056139e-02 -3.459439e+00
4.960000e-06 4.098940e-02 -3.459011e+00
4.970000e-06 4.141707e-02 -3.458583e+00
4.980000e-06 4.184443e-02 -3.458156e+00
4.990000e-06 4.227148e-02 -3.457729e+00
5.000000e-06 4.269825e-02 -3.457302e+00
5.010000e-06 4.312475e-02 -3.456875e+00
5.020000e-06 4.355100e-02 -3.456449e+00
5.030000e-06 4.397700e-02 -3.456023e+00
5.040000e-06 4.440277e-02 -3.455597e+00
5.050000e-06 4.482832e-02 -3.455172e+00
5.060000e-06 4.525366e-02 -3.454746e+00
5.070000e-06 4.567882e-02 -3.454321e+00
5.080000e-06 4.610379e-02 -3.453896e+00
5.090000e-06 4.652859e-02 -3.453471e+00
5.100000e-06 4.695323e-02 -3.453047e+00
5.110000e-06 4.737771e-02 -3.452622e+00
5.120000e-06 4.780206e-02 -3.452198e+00
5.130000e-06 4.822627e-02 -3.451774e+00
5.140000e-06 4.865036e-02 -3.451350e+00
5.150000e-06 4.907433e-02 -3.450926e+00
5.160000e-06 4.949820e-02 -3.450502e+00
5.170000e-06 4.992196e-02 -3.450078e+00
5.180000e-06 5.034563e-02 -3.449654e+00
5.190000e-06 5.076922e-02 -3.449231e+00
5.200000e-06 5.119272e-02 -3.448807e+00
5.210000e-06 5.161616e-02 -3.448384e+00
5.220000e-06 5.203952e-02 -3.447960e+00
5.230000e-06 5.246282e-02 -3.447537e+00
5.240000e-06 5.288606e-02 -3.447114e+00
5.250000e-06 5.330925e-02 -3.446691e+00
5.260000e-06 5.373240e-02 -3.446268e+00
5.270000e-06 5.415550e-02 -3.445845e+00
5.280000e-06 5.457856e-02 -3.445421e+00
5.290000e-06 5.500158e-02 -3.444998e+00
5.300000e-06 5.542458e-02 -3.444575e+00
5.310000e-06 5.584754e-02 -3.444152e+00
5.320000e-06 5.627048e-02 -3.443730e+00
5.330000e-06 5.669340e-02 -3.443307e+00
5.340000e-06 5.711630e-02 -3.442884e+00
5.350000e-06 5.753918e-02 -3.442461e+00
5.360000e-06 5.796205e-02 -3.442038e+00
5.370000e-06 5.838491e-02 -3.441615e+00
5.380000e-06 5.880775e-02 -3.441192e+00
5.390000e-06 5.923058e-02 -3.440769e+00
5.400000e-06 5.965341e-02 -3.440347e+00
5.410000e-06 6.007623e-02 -3.439924e+00
5.420000e-06 6.049905e-02 -3.439501e+00
5.430000e-06 6.092186e-02 -3.439078e+00
5.440000e-06 6.134467e-02 -3.438655e+00
5.450000e-06 6.176748e-02 -3.438233e+00
5.460000e-06 6.219028e-02 -3.437810e+00
5.470000e-06 6.261309e-02 -3.437387e+00
5.480000e-06 6.303589e-02 -3.436964e+00
5.490000e-06 6.345870e-02 -3.436541e+00
5.500000e-06 6.388150e-02 -3.436118e+00
5.510000e-06 6.430042e-02 -3.435700e+00
5.520000e-06 6.471552e-02 -3.435284e+00
5.530000e-06 6.512685e-02 -3.434873e+00
5.540000e-06 6.553447e-02 -3.434466e+00
5.550000e-06 6.593846e-02 -3.434062e+00
5.560000e-06 6.633885e-02 -3.433661e+00
5.570000e-06 6.673571e-02 -3.433264e+00
5.580000e-06 6.712908e-02 -3.432871e+00
5.590000e-06 6.751903e-02 -3.432481e+00
5.600000e-06 6.790561e-02 -3.432094e+00
5.610000e-06 6.828886e-02 -3.431711e+00
5.620000e-06 6.866883e-02 -3.431331e+00
5.630000e-06 6.904557e-02 -3.430954e+00
5.640000e-06 6.941912e-02 -3.430581e+00
5.650000e-06 6.978954e-02 -3.430210e+00
5.660000e-06 7.015687e-02 -3.429843e+00
5.670000e-06 7.052115e-02 -3.429479e+00
5.680000e-06 7.088243e-02 -3.429118e+00
5.690000e-06 7.124074e-02 -3.428759e+00
5.700000e-06 7.159612e-02 -3.428404e+00
5.710000e-06 7.194862e-02 -3.428051e+00
5.720000e-06 7.229828e-02 -3.427702e+00
5.730000e-06 7.264513e-02 -3.427355e+00
5.740000e-06 7.298921e-02 -3.427011e+00
5.750000e-06 7.333056e-02 -3.426669e+00
5.760000e-06 7.366921e-02 -3.426331e+00
5.770000e-06 7.400520e-02 -3.425995e+00
5.780000e-06 7.433856e-02 -3.425661e+00
5.790000e-06 7.466933e-02 -3.425331e+00
5.800000e-06 7.499754e-02 -3.425002e+00
5.810000e-06 7.532323e-02 -3.424677e+00
5.820000e-06 7.564641e-02 -3.424354e+00
5.830000e-06 7.596713e-02 -3.424033e+00
5.840000e-06 7.628541e-02 -3.423715e+00
5.850000e-06 7.660129e-02 -3.423399e+00
5.860000e-06 7.691479e-02 -3.423085e+00
5.870000e-06 7.722595e-02 -3.422774e+00
5.880000e-06 7.753478e-02 -3.422465e+00
5.890000e-06 7.784133e-02 -3.422159e+00
5.900000e-06 7.814561e-02 -3.421854e+00
5.910000e-06 7.844765e-02 -3.421552e+00
5.920000e-06 7.874747e-02 -3.421253e+00
5.930000e-06 7.904511e-02 -3.420955e+00
5.940000e-06 7.934059e-02 -3.420659e+00
5.950000e-06 7.963394e-02 -3.420366e+00
5.960000e-06 7.992516e-02 -3.420075e+00
5.970000e-06 8.021430e-02 -3.419786e+00
5.980000e-06 8.050138e-02 -3.419499e+00
5.990000e-06 8.078641e-02 -3.419214e+00
6.000000e-06 8.106941e-02 -3.418931e+00
6.010000e-06 8.135042e-02 -3.418650e+00
6.020000e-06 8.162946e-02 -3.418371e+00
6.030000e-06 8.190653e-02 -3.418093e+00
6.040000e-06 8.218167e-02 -3.417818e+00
6.050000e-06 8.245490e-02 -3.417545e+00
6.060000e-06 8.272623e-02 -3.417274e+00
6.070000e-06 8.299569e-02 -3.417004e+00
6.080000e-06 8.326329e-02 -3.416737e+00
6.090000e-06 8.352905e-02 -3.416471e+00
6.100000e-06 8.379300e-02 -3.416207e+00
6.110000e-06 8.405515e-02 -3.415945e+00
6.120000e-06 8.431551e-02 -3.415684e+00
6.130000e-06 8.457412e-02 -3.415426e+00
6.140000e-06 8.483097e-02 -3.415169e+00
6.150000e-06 8.508610e-02 -3.414914e+00
6.160000e-06 8.533952e-02 -3.414660e+00
6.170000e-06 8.559125e-02 -3.414409e+00
6.180000e-06 8.584129e-02 -3.414159e+00
6.190000e-06 8.608968e-02 -3.413910e+00
6.200000e-06 8.633641e-02 -3.413664e+00
6.210000e-06 8.658152e-02 -3.413418e+00
6.220000e-06 8.682501e-02 -3.413175e+00
6.230000e-06 8.706690e-02 -3.412933e+00
6.240000e-06 8.730721e-02 -3.412693e+00
6.250000e-06 8.754595e-02 -3.412454e+00
6.260000e-06 8.778313e-02 -3.412217e+00
6.270000e-06 8.801876e-02 -3.411981e+00
6.280000e-06 8.825287e-02 -3.411747e+00
6.290000e-06 8.848547e-02 -3.411515e+00
6.300000e-06 8.871657e-02 -3.411283e+00
6.310000e-06 8.894618e-02 -3.411054e+00
6.320000e-06 8.917431e-02 -3.410826e+00
6.330000e-06 8.940098e-02 -3.410599e+00
6.340000e-06 8.962621e-02 -3.410374e+00
6.350000e-06 8.985000e-02 -3.410150e+00
6.360000e-06 9.007237e-02 -3.409928e+00
6.370000e-06 9.029332e-02 -3.409707e+00
6.380000e-06 9.051288e-02 -3.409487e+00
6.390000e-06 9.073105e-02 -3.409269e+00
6.400000e-06 9.094784e-02 -3.409052e+00
6.410000e-06 9.116327e-02 -3.408837e+00
6.420000e-06 9.137734e-02 -3.408623e+00
6.430000e-06 9.159008e-02 -3.408410e+00
6.440000e-06 9.180148e-02 -3.408199e+00
6.450000e-06 9.201157e-02 -3.407988e+00
6.460000e-06 9.222034e-02 -3.407780e+00
6.470000e-06 9.242782e-02 -3.407572e+00
6.480000e-06 9.263401e-02 -3.407366e+00
6.490000e-06 9.283892e-02 -3.407161e+00
6.500000e-06 9.304256e-02 -3.406957e+00
6.510000e-06 9.324494e-02 -3.406755e+00
6.520000e-06 9.344608e-02 -3.406554e+00
6.530000e-06 9.364597e-02 -3.406354e+00
6.540000e-06 9.384464e-02 -3.406155e+00
6.550000e-06 9.404209e-02 -3.405958e+00
6.560000e-06 9.423833e-02 -3.405762e+00
6.570000e-06 9.443337e-02 -3.405567e+00
6.580000e-06 9.462721e-02 -3.405373e+00
6.590000e-06 9.481987e-02 -3.405180e+00
6.600000e-06 9.501136e-02 -3.404989e+00
6.610000e-06 9.520168e-02 -3.404798e+00
6.620000e-06 9.539085e-02 -3.404609e+00
6.630000e-06 9.557887e-02 -3.404421e+00
6.640000e-06 9.576574e-02 -3.404234e+00
6.650000e-06 9.595148e-02 -3.404049e+00
6.660000e-06 9.613610e-02 -3.403864e+00
6.670000e-06 9.631961e-02 -3.403680e+00
6.680000e-06 9.650200e-02 -3.403498e+00
6.690000e-06 9.668330e-02 -3.403317e+00
6.700000e-06 9.686350e-02 -3.403137e+00
6.710000e-06 9.704262e-02 -3.402957e+00
6.720000e-06 9.722065e-02 -3.402779e+00
6.730000e-06 9.739762e-02 -3.402602e+00
6.740000e-06 9.757353e-02 -3.402426e+00
6.750000e-06 9.774838e-02 -3.402252e+00
6.760000e-06 9.792218e-02 -3.402078e+00
6.770000e-06 9.809494e-02 -3.401905e+00
6.780000e-06 9.826667e-02 -3.401733e+00
6.790000e-06 9.843736e-02 -3.401563e+00
6.800000e-06 9.860704e-02 -3.401393e+00
6.810000e-06 9.877570e-02 -3.401224e+00
6.820000e-06 9.894336e-02 -3.401057e+00
6.830000e-06 9.911001e-02 -3.400890e+00
6.840000e-06 9.927567e-02 -3.400724e+00
6.850000e-06 9.944034e-02 -3.400560e+00
6.860000e-06 9.960402e-02 -3.400396e+00
6.870000e-06 9.976674e-02 -3.400233e+00
6.880000e-06 9.992848e-02 -3.400072e+00
6.890000e-06 1.000893e-01 -3.399911e+00
6.900000e-06 1.002491e-01 -3.399751e+00
6.910000e-06 1.004079e-01 -3.399592e+00
6.920000e-06 1.005659e-01 -3.399434e+00
6.930000e-06 1.007228e-01 -3.399277e+00
6.940000e-06 1.008789e-01 -3.399121e+00
6.950000e-06 1.010340e-01 -3.398966e+00
6.960000e-06 1.011882e-01 -3.398812e+00
6.970000e-06 1.013415e-01 -3.398659e+00
6.980000e-06 1.014938e-01 -3.398506e+00
6.990000e-06 1.016453e-01 -3.398355e+00
7.000000e-06 1.017959e-01 -3.398204e+00
7.010000e-06 1.019455e-01 -3.398054e+00
7.020000e-06 1.020943e-01 -3.397906e+00
7.030000e-06 1.022422e-01 -3.397758e+00
7.040000e-06 1.023892e-01 -3.397611e+00
7.050000e-06 1.025353e-01 -3.397465e+00
7.060000e-06 1.026805e-01 -3.397319e+00
7.070000e-06 1.028249e-01 -3.397175e+00
7.080000e-06 1.029684e-01 -3.397032e+00
7.090000e-06 1.031111e-01 -3.396889e+00
7.100000e-06 1.032529e-01 -3.396747e+00
7.110000e-06 1.033939e-01 -3.396606e+00
7.120000e-06 1.035340e-01 -3.396466e+00
7.130000e-06 1.036733e-01 -3.396327e+00
7.140000e-06 1.038118e-01 -3.396188e+00
7.150000e-06 1.039494e-01 -3.396051e+00
7.160000e-06 1.040862e-01 -3.395914e+00
7.170000e-06 1.042221e-01 -3.395778e+00
7.180000e-06 1.043573e-01 -3.395643e+00
7.190000e-06 1.044917e-01 -3.395508e+00
7.200000e-06 1.046252e-01 -3.395375e+00
7.210000e-06 1.047579e-01 -3.395242e+00
7.220000e-06 1.048899e-01 -3.395110e+00
7.230000e-06 1.050210e-01 -3.394979e+00
7.240000e-06 1.051514e-01 -3.394849e+00
7.250000e-06 1.052809e-01 -3.394719e+00
7.260000e-06 1.054097e-01 -3.394590e+00
7.270000e-06 1.055377e-01 -3.394462e+00
7.280000e-06 1.056649e-01 -3.394335e+00
7.290000e-06 1.057914e-01 -3.394209e+00
7.300000e-06 1.059171e-01 -3.394083e+00
7.310000e-06 1.060420e-01 -3.393958e+00
7.320000e-06 1.061661e-01 -3.393834e+00
7.330000e-06 1.062895e-01 -3.393710e+00
7.340000e-06 1.064122e-01 -3.393588e+00
7.350000e-06 1.065341e-01 -3.393466e+00
7.360000e-06 1.066552e-01 -3.393345e+00
7.370000e-06 1.067756e-01 -3.393224e+00
7.380000e-06 1.068953e-01 -3.393105e+00
7.390000e-06 1.070142e-01 -3.392986e+00
7.400000e-06 1.071324e-01 -3.392868e+00
7.410000e-06 1.072499e-01 -3.392750e+00
7.420000e-06 1.073666e-01 -3.392633e+00
7.430000e-06 1.074827e-01 -3.392517e+00
7.440000e-06 1.075980e-01 -3.392402e+00
7.450000e-06 1.077126e-01 -3.392287e+00
7.460000e-06 1.078264e-01 -3.392174e+00
7.470000e-06 1.079396e-01 -3.392060e+00
7.480000e-06 1.080520e-01 -3.391948e+00
7.490000e-06 1.081638e-01 -3.391836e+00
7.500000e-06 1.082748e-01 -3.391725e+00
7.510000e-06 1.083852e-01 -3.391615e+00
7.520000e-06 1.084948e-01 -3.391505e+00
7.530000e-06 1.086038e-01 -3.391396e+00
7.540000e-06 1.087121e-01 -3.391288e+00
7.550000e-06 1.088197e-01 -3.391180e+00
7.560000e-06 1.089266e-01 -3.391073e+00
7.570000e-06 1.090328e-01 -3.390967e+00
7.580000e-06 1.091384e-01 -3.390862e+00
7.590000e-06 1.092432e-01 -3.390757e+00
7.600000e-06 1.093474e-01 -3.390653e+00
7.610000e-06 1.094510e-01 -3.390549e+00
7.620000e-06 1.095538e-01 -3.390446e+00
7.630000e-06 1.096560e-01 -3.390344e+00
7.640000e-06 1.097576e-01 -3.390242e+00
7.650000e-06 1.098584e-01 -3.390142e+00
7.660000e-06 1.099587e-01 -3.390041e+00
7.670000e-06 1.100582e-01 -3.389942e+00
7.680000e-06 1.101572e-01 -3.389843e+00
7.690000e-06 1.102554e-01 -3.389745e+00
7.700000e-06 1.103530e-01 -3.389647e+00
7.710000e-06 1.104500e-01 -3.389550e+00
7.720000e-06 1.105464e-01 -3.389454e+00
7.730000e-06 1.106421e-01 -3.389358e+00
7.740000e-06 1.107371e-01 -3.389263e+00
7.750000e-06 1.108315e-01 -3.389168e+00
7.760000e-06 1.109253e-01 -3.389075e+00
7.770000e-06 1.110185e-01 -3.388981e+00
7.780000e-06 1.111110e-01 -3.388889e+00
7.790000e-06 1.112030e-01 -3.388797e+00
7.800000e-06 1.112942e-01 -3.388706e+00
7.810000e-06 1.113849e-01 -3.388615e+00
7.820000e-06 1.114750e-01 -3.388525e+00
7.830000e-06 1.115644e-01 -3.388436e+00
7.840000e-06 1.116532e-01 -3.388347e+00
7.850000e-06 1.117414e-01 -3.388259e+00
7.860000e-06 1.118290e-01 -3.388171e+00
7.870000e-06 1.119160e-01 -3.388084e+00
7.880000e-06 1.120024e-01 -3.387998e+00
7.890000e-06 1.120881e-01 -3.387912e+00
7.900000e-06 1.121733e-01 -3.387827e+00
7.910000e-06 1.122579e-01 -3.387742e+00
7.920000e-06 1.123419e-01 -3.387658e+00
7.930000e-06 1.124253e-01 -3.387575e+00
7.940000e-06 1.125080e-01 -3.387492e+00
7.950000e-06 1.125902e-01 -3.387410e+00
7.960000e-06 1.126718e-01 -3.387328e+00
7.970000e-06 1.127528e-01 -3.387247e+00
7.980000e-06 1.128333e-01 -3.387167e+00
7.990000e-06 1.129131e-01 -3.387087e+00
8.000000e-06 1.129924e-01 -3.387008e+00
8.010000e-06 1.130710e-01 -3.386929e+00
8.020000e-06 1.131491e-01 -3.386851e+00
8.030000e-06 1.132267e-01 -3.386773e+00
8.040000e-06 1.133036e-01 -3.386696e+00
8.050000e-06 1.133800e-01 -3.386620e+00
8.060000e-06 1.134558e-01 -3.386544e+00
8.070000e-06 1.135310e-01 -3.386469e+00
8.080000e-06 1.136056e-01 -3.386394e+00
8.090000e-06 1.136797e-01 -3.386320e+00
8.100000e-06 1.137533e-01 -3.386247e+00
8.110000e-06 1.138262e-01 -3.386174e+00
8.120000e-06 1.138986e-01 -3.386101e+00
8.130000e-06 1.139704e-01 -3.386030e+00
8.140000e-06 1.140417e-01 -3.385958e+00
8.150000e-06 1.141124e-01 -3.385888e+00
8.160000e-06 1.141826e-01 -3.385817e+00
8.170000e-06 1.142522e-01 -3.385748e+00
8.180000e-06 1.143212e-01 -3.385679e+00
8.190000e-06 1.143897e-01 -3.385610e+00
8.200000e-06 1.144577e-01 -3.385542e+00
8.210000e-06 1.145251e-01 -3.385475e+00
8.220000e-06 1.145919e-01 -3.385408e+00
8.230000e-06 1.146582e-01 -3.385342e+00
8.240000e-06 1.147240e-01 -3.385276e+00
8.250000e-06 1.147892e-01 -3.385211e+00
8.260000e-06 1.148538e-01 -3.385146e+00
8.270000e-06 1.149180e-01 -3.385082e+00
8.280000e-06 1.149815e-01 -3.385018e+00
8.290000e-06 1.150446e-01 -3.384955e+00
8.300000e-06 1.151071e-01 -3.384893e+00
8.310000e-06 1.151691e-01 -3.384831e+00
8.320000e-06 1.152305e-01 -3.384769e+00
8.330000e-06 1.152914e-01 -3.384709e+00
8.340000e-06 1.153518e-01 -3.384648e+00
8.350000e-06 1.154117e-01 -3.384588e+00
8.360000e-06 1.154710e-01 -3.384529e+00
8.370000e-06 1.155298e-01 -3.384470e+00
8.380000e-06 1.155880e-01 -3.384412e+00
8.390000e-06 1.156458e-01 -3.384354e+00
8.400000e-06 1.157030e-01 -3.384297e+00
8.410000e-06 1.157597e-01 -3.384240e+00
8.420000e-06 1.158158e-01 -3.384184e+00
8.430000e-06 1.158715e-01 -3.384129e+00
8.440000e-06 1.159266e-01 -3.384073e+00
8.450000e-06 1.159812e-01 -3.384019e+00
8.460000e-06 1.160353e-01 -3.383965e+00
8.470000e-06 1.160888e-01 -3.383911e+00
8.480000e-06 1.161419e-01 -3.383858e+00
8.490000e-06 1.161944e-01 -3.383806e+00
8.500000e-06 1.162465e-01 -3.383754e+00
8.510000e-06 1.162980e-01 -3.383702e+00
8.520000e-06 1.163490e-01 -3.383651e+00
8.530000e-06 1.163995e-01 -3.383601e+00
8.540000e-06 1.164494e-01 -3.383551e+00
8.550000e-06 1.164989e-01 -3.383501e+00
8.560000e-06 1.165479e-01 -3.383452e+00
8.570000e-06 1.165963e-01 -3.383404e+00
8.580000e-06 1.166443e-01 -3.383356e+00
8.590000e-06 1.166917e-01 -3.383308e+00
8.600000e-06 1.167387e-01 -3.383261e+00
8.610000e-06 1.167851e-01 -3.383215e+00
8.620000e-06 1.168310e-01 -3.383169e+00
8.630000e-06 1.168765e-01 -3.383124e+00
8.640000e-06 1.169214e-01 -3.383079e+00
8.650000e-06 1.169658e-01 -3.383034e+00
8.660000e-06 1.170098e-01 -3.382990e+00
8.670000e-06 1.170532e-01 -3.382947e+00
8.680000e-06 1.170962e-01 -3.382904e+00
8.690000e-06 1.171386e-01 -3.382861e+00
8.700000e-06 1.171806e-01 -3.382819e+00
8.710000e-06 1.172220e-01 -3.382778e+00
8.720000e-06 1.172630e-01 -3.382737e+00
8.730000e-06 1.173035e-01 -3.382697e+00
8.740000e-06 1.173434e-01 -3.382657e+00
8.750000e-06 1.173829e-01 -3.382617e+00
8.760000e-06 1.174219e-01 -3.382578e+00
8.770000e-06 1.174604e-01 -3.382540e+00
8.780000e-06 1.174984e-01 -3.382502e+00
8.790000e-06 1.175360e-01 -3.382464e+00
8.800000e-06 1.175730e-01 -3.382427e+00
8.810000e-06 1.176096e-01 -3.382390e+00
8.820000e-06 1.176456e-01 -3.382354e+00
8.830000e-06 1.176812e-01 -3.382319e+00
8.840000e-06 1.177163e-01 -3.382284e+00
8.850000e-06 1.177509e-01 -3.382249e+00
8.860000e-06 1.177850e-01 -3.382215e+00
8.870000e-06 1.178187e-01 -3.382181e+00
8.880000e-06 1.178518e-01 -3.382148e+00
8.890000e-06 1.178845e-01 -3.382115e+00
8.900000e-06 1.179167e-01 -3.382083e+00
8.910000e-06 1.179484e-01 -3.382052e+00
8.920000e-06 1.179797e-01 -3.382020e+00
8.930000e-06 1.180104e-01 -3.381990e+00
8.940000e-06 1.180407e-01 -3.381959e+00
8.950000e-06 1.180705e-01 -3.381929e+00
8.960000e-06 1.180998e-01 -3.381900e+00
8.970000e-06 1.181287e-01 -3.381871e+00
8.980000e-06 1.181571e-01 -3.381843e+00
8.990000e-06 1.181850e-01 -3.381815e+00
9.000000e-06 1.182124e-01 -3.381788e+00
9.010000e-06 1.182393e-01 -3.381761e+00
9.020000e-06 1.182658e-01 -3.381734e+00
9.030000e-06 1.182918e-01 -3.381708e+00
9.040000e-06 1.183173e-01 -3.381683e+00
9.050000e-06 1.183423e-01 -3.381658e+00
9.060000e-06 1.183669e-01 -3.381633e+00
9.070000e-06 1.183910e-01 -3.381609e+00
9.080000e-06 1.184146e-01 -3.381585e+00
9.090000e-06 1.184378e-01 -3.381562e+00
9.100000e-06 1.184605e-01 -3.381540e+00
9.110000e-06 1.184827e-01 -3.381517e+00
9.120000e-06 1.185045e-01 -3.381496e+00
9.130000e-06 1.185257e-01 -3.381474e+00
9.140000e-06 1.185465e-01 -3.381453e+00
9.150000e-06 1.185669e-01 -3.381433e+00
9.160000e-06 1.185868e-01 -3.381413e+00
9.170000e-06 1.186062e-01 -3.381394e+00
9.180000e-06 1.186251e-01 -3.381375e+00
9.190000e-06 1.186436e-01 -3.381356e+00
9.200000e-06 1.186616e-01 -3.381338e+00
9.210000e-06 1.186791e-01 -3.381321e+00
9.220000e-06 1.186961e-01 -3.381304e+00
9.230000e-06 1.187127e-01 -3.381287e+00
9.240000e-06 1.187289e-01 -3.381271e+00
9.250000e-06 1.187445e-01 -3.381255e+00
9.260000e-06 1.187597e-01 -3.381240e+00
9.270000e-06 1.187745e-01 -3.381226e+00
9.280000e-06 1.187888e-01 -3.381211e+00
9.290000e-06 1.188026e-01 -3.381197e+00
9.300000e-06 1.188159e-01 -3.381184e+00
9.310000e-06 1.188288e-01 -3.381171e+00
9.320000e-06 1.188412e-01 -3.381159e+00
9.330000e-06 1.188531e-01 -3.381147e+00
9.340000e-06 1.188646e-01 -3.381135e+00
9.350000e-06 1.188757e-01 -3.381124e+00
9.360000e-06 1.188862e-01 -3.381114e+00
9.370000e-06 1.188963e-01 -3.381104e+00
9.380000e-06 1.189059e-01 -3.381094e+00
9.390000e-06 1.189151e-01 -3.381085e+00
9.400000e-06 1.189238e-01 -3.381076e+00
9.410000e-06 1.189321e-01 -3.381068e+00
9.420000e-06 1.189399e-01 -3.381060e+00
9.430000e-06 1.189472e-01 -3.381053e+00
9.440000e-06 1.189540e-01 -3.381046e+00
9.450000e-06 1.189604e-01 -3.381040e+00
9.460000e-06 1.189664e-01 -3.381034e+00
9.470000e-06 1.189719e-01 -3.381028e+00
9.480000e-06 1.189769e-01 -3.381023e+00
9.490000e-06 1.189814e-01 -3.381019e+00
9.500000e-06 1.189855e-01 -3.381014e+00
9.510000e-06 1.189892e-01 -3.381011e+00
9.520000e-06 1.189923e-01 -3.381008e+00
9.530000e-06 1.189950e-01 -3.381005e+00
9.540000e-06 1.189973e-01 -3.381003e+00
9.550000e-06 1.189991e-01 -3.381001e+00
9.560000e-06 1.190004e-01 -3.381000e+00
9.570000e-06 1.190013e-01 -3.380999e+00
9.580000e-06 1.190017e-01 -3.380998e+00
9.590000e-06 1.190016e-01 -3.380998e+00
9.600000e-06 1.190011e-01 -3.380999e+00
9.610000e-06 1.190001e-01 -3.381000e+00
9.620000e-06 1.189987e-01 -3.381001e+00
9.630000e-06 1.189968e-01 -3.381003e+00
9.640000e-06 1.189944e-01 -3.381006e+00
9.650000e-06 1.189916e-01 -3.381008e+00
9.660000e-06 1.189883e-01 -3.381012e+00
9.670000e-06 1.189846e-01 -3.381015e+00
9.680000e-06 1.189804e-01 -3.381020e+00
9.690000e-06 1.189757e-01 -3.381024e+00
9.700000e-06 1.189706e-01 -3.381029e+00
9.710000e-06 1.189650e-01 -3.381035e+00
9.720000e-06 1.189589e-01 -3.381041e+00
9.730000e-06 1.189524e-01 -3.381048e+00
9.740000e-06 1.189454e-01 -3.381055e+00
9.750000e-06 1.189380e-01 -3.381062e+00
9.760000e-06 1.189301e-01 -3.381070e+00
9.770000e-06 1.189217e-01 -3.381078e+00
9.780000e-06 1.189129e-01 -3.381087e+00
9.790000e-06 1.189036e-01 -3.381096e+00
9.800000e-06 1.188939e-01 -3.381106e+00
9.810000e-06 1.188837e-01 -3.381116e+00
9.820000e-06 1.188730e-01 -3.381127e+00
9.830000e-06 1.188619e-01 -3.381138e+00
9.840000e-06 1.188503e-01 -3.381150e+00
9.850000e-06 1.188382e-01 -3.381162e+00
9.860000e-06 1.188257e-01 -3.381174e+00
9.870000e-06 1.188127e-01 -3.381187e+00
9.880000e-06 1.187992e-01 -3.381201e+00
9.890000e-06 1.187853e-01 -3.381215e+00
9.900000e-06 1.187709e-01 -3.381229e+00
9.910000e-06 1.187561e-01 -3.381244e+00
9.920000e-06 1.187408e-01 -3.381259e+00
9.930000e-06 1.187250e-01 -3.381275e+00
9.940000e-06 1.187087e-01 -3.381291e+00
9.950000e-06 1.186920e-01 -3.381308e+00
9.960000e-06 1.186748e-01 -3.381325e+00
9.970000e-06 1.186572e-01 -3.381343e+00
9.980000e-06 1.186391e-01 -3.381361e+00
9.990000e-06 1.186205e-01 -3.381379e+00
1.000000e-05 1.186015e-01 -3.381399e+00
1.001000e-05 1.185819e-01 -3.381418e+00
1.002000e-05 1.185620e-01 -3.381438e+00
1.003000e-05 1.185415e-01 -3.381458e+00
1.004000e-05 1.185206e-01 -3.381479e+00
1.005000e-05 1.184992e-01 -3.381501e+00
1.006000e-05 1.184773e-01 -3.381523e+00
1.007000e-05 1.184550e-01 -3.381545e+00
1.008000e-05 1.184322e-01 -3.381568e+00
1.009000e-05 1.184089e-01 -3.381591e+00
1.010000e-05 1.183852e-01 -3.381615e+00
1.011000e-05 1.183610e-01 -3.381639e+00
1.012000e-05 1.183363e-01 -3.381664e+00
1.013000e-05 1.183111e-01 -3.381689e+00
1.014000e-05 1.182855e-01 -3.381715e+00
1.015000e-05 1.182594e-01 -3.381741e+00
1.016000e-05 1.182328e-01 -3.381767e+00
1.017000e-05 1.182057e-01 -3.381794e+00
1.018000e-05 1.181782e-01 -3.381822e+00
1.019000e-05 1.181502e-01 -3.381850e+00
1.020000e-05 1.181217e-01 -3.381878e+00
1.021000e-05 1.180927e-01 -3.381907e+00
1.022000e-05 1.180633e-01 -3.381937e+00
1.023000e-05 1.180334e-01 -3.381967e+00
1.024000e-05 1.180030e-01 -3.381997e+00
1.025000e-05 1.179721e-01 -3.382028e+00
1.026000e-05 1.179407e-01 -3.382059e+00
1.027000e-05 1.179089e-01 -3.382091e+00
1.028000e-05 1.178766e-01 -3.382123e+00
1.029000e-05 1.178438e-01 -3.382156e+00
1.030000e-05 1.178105e-01 -3.382189e+00
1.031000e-05 1.177767e-01 -3.382223e+00
1.032000e-05 1.177425e-01 -3.382257e+00
1.033000e-05 1.177078e-01 -3.382292e+00
1.034000e-05 1.176726e-01 -3.382327e+00
1.035000e-05 1.176369e-01 -3.382363e+00
1.036000e-05 1.176007e-01 -3.382399e+00
1.037000e-05 1.175640e-01 -3.382436e+00
1.038000e-05 1.175268e-01 -3.382473e+00
1.039000e-05 1.174892e-01 -3.382511e+00
1.040000e-05 1.174511e-01 -3.382549e+00
1.041000e-05 1.174124e-01 -3.382588e+00
1.042000e-05 1.173733e-01 -3.382627e+00
1.043000e-05 1.173337e-01 -3.382666e+00
1.044000e-05 1.172936e-01 -3.382706e+00
1.045000e-05 1.172530e-01 -3.382747e+00
1.046000e-05 1.172119e-01 -3.382788e+00
1.047000e-05 1.171704e-01 -3.382830e+00
1.048000e-05 1.171283e-01 -3.382872e+00
1.049000e-05 1.170857e-01 -3.382914e+00
1.050000e-05 1.170427e-01 -3.382957e+00
1.051000e-05 1.169991e-01 -3.383001e+00
1.052000e-05 1.169550e-01 -3.383045e+00
1.053000e-05 1.169105e-01 -3.383090e+00
1.054000e-05 1.168654e-01 -3.383135e+00
1.055000e-05 1.168199e-01 -3.383180e+00
1.056000e-05 1.167738e-01 -3.383226e+00
1.057000e-05 1.167273e-01 -3.383273e+00
1.058000e-05 1.166802e-01 -3.383320e+00
1.059000e-05 1.166326e-01 -3.383367e+00
1.060000e-05 1.165845e-01 -3.383415e+00
1.061000e-05 1.165360e-01 -3.383464e+00
1.062000e-05 1.164869e-01 -3.383513e+00
1.063000e-05 1.164373e-01 -3.383563e+00
1.064000e-05 1.163872e-01 -3.383613e+00
1.065000e-05 1.163366e-01 -3.383663e+00
1.066000e-05 1.162854e-01 -3.383715e+00
1.067000e-05 1.162338e-01 -3.383766e+00
1.068000e-05 1.161817e-01 -3.383818e+00
1.069000e-05 1.161290e-01 -3.383871e+00
1.070000e-05 1.160758e-01 -3.383924e+00
1.071000e-05 1.160221e-01 -3.383978e+00
1.072000e-05 1.159679e-01 -3.384032e+00
1.073000e-05 1.159132e-01 -3.384087e+00
1.074000e-05 1.158579e-01 -3.384142e+00
1.075000e-05 1.158022e-01 -3.384198e+00
1.076000e-05 1.157459e-01 -3.384254e+00
1.077000e-05 1.156891e-01 -3.384311e+00
1.078000e-05 1.156317e-01 -3.384368e+00
1.079000e-05 1.155739e-01 -3.384426e+00
1.080000e-05 1.155155e-01 -3.384485e+00
1.081000e-05 1.154565e-01 -3.384543e+00
1.082000e-05 1.153971e-01 -3.384603e+00
1.083000e-05 1.153371e-01 -3.384663e+00
1.084000e-05 1.152766e-01 -3.384723e+00
1.085000e-05 1.152156e-01 -3.384784e+00
1.086000e-05 1.151540e-01 -3.384846e+00
1.087000e-05 1.150919e-01 -3.384908e+00
1.088000e-05 1.150293e-01 -3.384971e+00
1.089000e-05 1.149661e-01 -3.385034e+00
1.090000e-05 1.149024e-01 -3.385098e+00
1.091000e-05 1.148381e-01 -3.385162e+00
1.092000e-05 1.147733e-01 -3.385227e+00
1.093000e-05 1.147080e-01 -3.385292e+00
1.094000e-05 1.146421e-01 -3.385358e+00
1.095000e-05 1.145756e-01 -3.385424e+00
1.096000e-05 1.145087e-01 -3.385491e+00
1.097000e-05 1.144411e-01 -3.385559e+00
1.098000e-05 1.143730e-01 -3.385627e+00
1.099000e-05 1.143044e-01 -3.385696e+00
1.100000e-05 1.142352e-01 -3.385765e+00
1.101000e-05 1.141655e-01 -3.385835e+00
1.102000e-05 1.140952e-01 -3.385905e+00
1.103000e-05 1.140244e-01 -3.385976e+00
1.104000e-05 1.139529e-01 -3.386047e+00
1.105000e-05 1.138810e-01 -3.386119e+00
1.106000e-05 1.138085e-01 -3.386192e+00
1.107000e-05 1.137354e-01 -3.386265e+00
1.108000e-05 1.136617e-01 -3.386338e+00
1.109000e-05 1.135875e-01 -3.386413e+00
1.110000e-05 1.135127e-01 -3.386487e+00
1.111000e-05 1.134373e-01 -3.386563e+00
1.112000e-05 1.133614e-01 -3.386639e+00
1.113000e-05 1.132849e-01 -3.386715e+00
1.114000e-05 1.132078e-01 -3.386792e+00
1.115000e-05 1.131301e-01 -3.386870e+00
1.116000e-05 1.130519e-01 -3.386948e+00
1.117000e-05 1.129731e-01 -3.387027e+00
1.118000e-05 1.128937e-01 -3.387106e+00
1.119000e-05 1.128137e-01 -3.387186e+00
1.120000e-05 1.127331e-01 -3.387267e+00
1.121000e-05 1.126520e-01 -3.387348e+00
1.122000e-05 1.125702e-01 -3.387430e+00
1.123000e-05 1.124879e-01 -3.387512e+00
1.124000e-05 1.124050e-01 -3.387595e+00
1.125000e-05 1.123214e-01 -3.387679e+00
1.126000e-05 1.122373e-01 -3.387763e+00
1.127000e-05 1.121526e-01 -3.387847e+00
1.128000e-05 1.120673e-01 -3.387933e+00
1.129000e-05 1.119813e-01 -3.388019e+00
1.130000e-05 1.118948e-01 -3.388105e+00
1.131000e-05 1.118077e-01 -3.388192e+00
1.132000e-05 1.117199e-01 -3.388280e+00
1.133000e-05 1.116316e-01 -3.388368e+00
1.134000e-05 1.115426e-01 -3.388457e+00
1.135000e-05 1.114530e-01 -3.388547e+00
1.136000e-05 1.113628e-01 -3.388637e+00
1.137000e-05 1.112720e-01 -3.388728e+00
1.138000e-05 1.111806e-01 -3.388819e+00
1.139000e-05 1.110885e-01 -3.388911e+00
1.140000e-05 1.109958e-01 -3.389004e+00
1.141000e-05 1.109025e-01 -3.389097e+00
1.142000e-05 1.108086e-01 -3.389191e+00
1.143000e-05 1.107140e-01 -3.389286e+00
1.144000e-05 1.106188e-01 -3.389381e+00
1.145000e-05 1.105229e-01 -3.389477e+00
1.146000e-05 1.104264e-01 -3.389574e+00
1.147000e-05 1.103293e-01 -3.389671e+00
1.148000e-05 1.102315e-01 -3.389769e+00
1.149000e-05 1.101331e-01 -3.389867e+00
1.150000e-05 1.100340e-01 -3.389966e+00
1.151000e-05 1.099343e-01 -3.390066e+00
1.152000e-05 1.098339e-01 -3.390166e+00
1.153000e-05 1.097328e-01 -3.390267e+00
1.154000e-05 1.096311e-01 -3.390369e+00
1.155000e-05 1.095288e-01 -3.390471e+00
1.156000e-05 1.094257e-01 -3.390574e+00
1.157000e-05 1.093221e-01 -3.390678e+00
1.158000e-05 1.092177e-01 -3.390782e+00
1.159000e-05 1.091127e-01 -3.390887e+00
1.160000e-05 1.090069e-01 -3.390993e+00
1.161000e-05 1.089005e-01 -3.391099e+00
1.162000e-05 1.087935e-01 -3.391207e+00
1.163000e-05 1.086857e-01 -3.391314e+00
1.164000e-05 1.085773e-01 -3.391423e+00
1.165000e-05 1.084681e-01 -3.391532e+00
1.166000e-05 1.083583e-01 -3.391642e+00
1.167000e-05 1.082478e-01 -3.391752e+00
1.168000e-05 1.081366e-01 -3.391863e+00
1.169000e-05 1.080247e-01 -3.391975e+00
1.170000e-05 1.079120e-01 -3.392088e+00
1.171000e-05 1.077987e-01 -3.392201e+00
1.172000e-05 1.076846e-01 -3.392315e+00
1.173000e-05 1.075699e-01 -3.392430e+00
1.174000e-05 1.074544e-01 -3.392546e+00
1.175000e-05 1.073382e-01 -3.392662e+00
1.176000e-05 1.072213e-01 -3.392779e+00
1.177000e-05 1.071036e-01 -3.392896e+00
1.178000e-05 1.069853e-01 -3.393015e+00
1.179000e-05 1.068662e-01 -3.393134e+00
1.180000e-05 1.067463e-01 -3.393254e+00
1.181000e-05 1.066257e-01 -3.393374e+00
1.182000e-05 1.065044e-01 -3.393496e+00
1.183000e-05 1.063823e-01 -3.393618e+00
1.184000e-05 1.062595e-01 -3.393741e+00
1.185000e-05 1.061359e-01 -3.393864e+00
1.186000e-05 1.060116e-01 -3.393988e+00
1.187000e-05 1.058864e-01 -3.394114e+00
1.188000e-05 1.057606e-01 -3.394239e+00
1.189000e-05 1.056339e-01 -3.394366e+00
1.190000e-05 1.055065e-01 -3.394493e+00
1.191000e-05 1.053783e-01 -3.394622e+00
1.192000e-05 1.052494e-01 -3.394751e+00
1.193000e-05 1.051196e-01 -3.394880e+00
1.194000e-05 1.049891e-01 -3.395011e+00
1.195000e-05 1.048577e-01 -3.395142e+00
1.196000e-05 1.047256e-01 -3.395274e+00
1.197000e-05 1.045927e-01 -3.395407e+00
1.198000e-05 1.044589e-01 -3.395541e+00
1.199000e-05 1.043244e-01 -3.395676e+00
