0.000000e+00 -7.643771e-26
1.000000e-10 -7.643771e-26
2.000000e-10 -1.353509e-25
3.000000e-10 -2.396636e-25
4.000000e-10 -4.243616e-25
5.000000e-10 -7.513909e-25
6.000000e-10 -1.330435e-24
7.000000e-10 -2.355699e-24
8.000000e-10 -4.171051e-24
9.000000e-10 -7.385344e-24
1.000000e-09 -1.307663e-23
1.100000e-09 -2.315371e-23
1.200000e-09 -4.099637e-23
1.300000e-09 -7.258888e-23
1.400000e-09 -1.285271e-22
1.500000e-09 -2.275724e-22
1.600000e-09 -4.029436e-22
1.700000e-09 -7.134589e-22
1.800000e-09 -1.263263e-21
1.900000e-09 -2.236755e-21
2.000000e-09 1.165237e-29
2.100000e-09 1.165237e-29
2.200000e-09 1.165237e-29
2.300000e-09 1.165237e-29
2.400000e-09 1.165237e-29
2.500000e-09 1.165237e-29
2.600000e-09 1.165237e-29
2.700000e-09 1.165237e-29
2.800000e-09 1.165237e-29
2.900000e-09 1.165237e-29
3.000000e-09 1.165237e-29
3.100000e-09 1.165237e-29
3.200000e-09 1.165237e-29
3.300000e-09 1.165237e-29
3.400000e-09 1.165237e-29
3.500000e-09 1.165237e-29
3.600000e-09 1.165237e-29
3.700000e-09 1.165237e-29
3.800000e-09 1.165237e-29
3.900000e-09 1.165237e-29
4.000000e-09 -9.637940e-29
4.100000e-09 -1.239850e-28
4.200000e-09 -3.286892e-28
4.300000e-09 -8.418288e-28
4.400000e-09 -1.860220e-27
4.500000e-09 -4.008480e-27
4.600000e-09 -8.799422e-27
4.700000e-09 -1.942662e-26
4.800000e-09 -4.273800e-26
4.900000e-09 -9.548190e-26
5.000000e-09 -2.111980e-25
5.100000e-09 -4.680120e-25
5.200000e-09 -1.035759e-24
5.300000e-09 -2.295236e-24
5.400000e-09 -5.086820e-24
5.500000e-09 -1.126861e-23
5.600000e-09 -2.496212e-23
5.700000e-09 -5.529127e-23
5.800000e-09 -1.224771e-22
5.900000e-09 -2.712895e-22
6.000000e-09 -6.009261e-22
6.100000e-09 -1.331051e-21
6.200000e-09 -2.948262e-21
6.300000e-09 -6.530315e-21
6.400000e-09 -1.446441e-20
6.500000e-09 -3.203801e-20
6.600000e-09 -7.096245e-20
6.700000e-09 -1.571776e-19
6.800000e-09 -3.481382e-19
6.900000e-09 -7.711021e-19
7.000000e-09 -1.707936e-18
7.100000e-09 -3.782952e-18
7.200000e-09 -8.378951e-18
7.300000e-09 -1.855873e-17
7.400000e-09 -4.110611e-17
7.500000e-09 -9.104676e-17
7.600000e-09 -2.016612e-16
7.700000e-09 -4.466632e-16
7.800000e-09 -9.893224e-16
7.900000e-09 -2.191267e-15
8.000000e-09 -4.853475e-15
8.100000e-09 -1.075004e-14
8.200000e-09 -2.381043e-14
8.300000e-09 -5.273804e-14
8.400000e-09 -1.168100e-13
8.500000e-09 -2.587233e-13
8.600000e-09 -5.730456e-13
8.700000e-09 -1.269229e-12
8.800000e-09 -2.811162e-12
8.900000e-09 -6.226195e-12
9.000000e-09 -1.378935e-11
9.100000e-09 -3.053776e-11
9.200000e-09 -6.762093e-11
9.300000e-09 -1.497056e-10
9.400000e-09 -3.313146e-10
9.500000e-09 -7.327756e-10
9.600000e-09 -1.618907e-09
9.700000e-09 -3.569702e-09
9.800000e-09 -7.844703e-09
9.900000e-09 -1.713950e-08
1.000000e-08 -3.708200e-08
1.010000e-08 -7.895577e-08
1.020000e-08 -1.640043e-07
1.030000e-08 -3.287927e-07
1.040000e-08 -6.295892e-07
1.050000e-08 -1.143676e-06
1.060000e-08 -1.968972e-06
1.070000e-08 -3.226738e-06
1.080000e-08 -5.070339e-06
1.090000e-08 -7.699193e-06
1.100000e-08 -1.137635e-05
1.110000e-08 -1.644981e-05
1.120000e-08 -2.337898e-05
1.130000e-08 -3.276838e-05
1.140000e-08 -4.541109e-05
1.150000e-08 -6.234474e-05
1.160000e-08 -8.492401e-05
1.170000e-08 -1.149140e-04
1.180000e-08 -1.546108e-04
1.190000e-08 -2.069964e-04
1.200000e-08 -2.759387e-04
1.210000e-08 -3.664479e-04
1.220000e-08 -4.850060e-04
1.230000e-08 -6.399906e-04
1.240000e-08 -8.422172e-04
1.250000e-08 -1.105636e-03
1.260000e-08 -1.448223e-03
1.270000e-08 -1.893124e-03
1.280000e-08 -2.470113e-03
1.290000e-08 -3.217469e-03
1.300000e-08 -4.184359e-03
1.310000e-08 -5.433901e-03
1.320000e-08 -7.047067e-03
1.330000e-08 -9.127666e-03
1.340000e-08 -1.180871e-02
1.350000e-08 -1.526053e-02
1.360000e-08 -1.970113e-02
1.370000e-08 -2.540939e-02
1.380000e-08 -3.274191e-02
1.390000e-08 -4.215440e-02
1.400000e-08 -5.422901e-02
1.410000e-08 -6.970909e-02
1.420000e-08 -8.954343e-02
1.430000e-08 -1.149425e-01
1.440000e-08 -1.474502e-01
1.450000e-08 -1.890348e-01
1.460000e-08 -2.422047e-01
1.470000e-08 -3.101556e-01
1.480000e-08 -3.969577e-01
1.490000e-08 -5.077931e-01
1.500000e-08 -6.492576e-01
1.510000e-08 -8.297437e-01
1.520000e-08 -1.059928e+00
1.530000e-08 -1.353386e+00
1.540000e-08 -1.727380e+00
1.550000e-08 -2.203849e+00
1.560000e-08 -2.810673e+00
1.570000e-08 -3.583271e+00
1.580000e-08 -4.566628e+00
1.590000e-08 -5.817868e+00
1.600000e-08 -7.409514e+00
1.610000e-08 -9.433615e+00
1.620000e-08 -1.200699e+01
1.630000e-08 -1.527783e+01
1.640000e-08 -1.943415e+01
1.650000e-08 -2.471439e+01
1.660000e-08 -3.142087e+01
1.670000e-08 -3.993690e+01
1.680000e-08 -5.074834e+01
1.690000e-08 -6.447095e+01
1.700000e-08 -8.188497e+01
1.710000e-08 -1.039789e+02
1.720000e-08 -1.320050e+02
1.730000e-08 -1.675491e+02
1.740000e-08 -2.126195e+02
1.750000e-08 -2.697592e+02
1.760000e-08 -3.421871e+02
1.770000e-08 -4.339782e+02
1.780000e-08 -5.502894e+02
1.790000e-08 -6.976467e+02
1.800000e-08 -8.843074e+02
1.810000e-08 -1.120718e+03
1.820000e-08 -1.420092e+03
1.830000e-08 -1.799143e+03
1.840000e-08 -2.279009e+03
1.850000e-08 -2.886415e+03
1.860000e-08 -3.655155e+03
1.870000e-08 -4.627952e+03
1.880000e-08 -5.858808e+03
1.890000e-08 -7.415983e+03
1.900000e-08 -9.385742e+03
1.910000e-08 -1.187710e+04
1.920000e-08 -1.502781e+04
1.930000e-08 -1.901190e+04
1.940000e-08 -2.404925e+04
1.950000e-08 -3.041761e+04
1.960000e-08 -3.846780e+04
1.970000e-08 -4.864295e+04
1.980000e-08 -6.145634e+04
1.990000e-08 -7.755509e+04
2.000000e-08 -9.564947e+04
2.010000e-08 -1.132177e+05
2.020000e-08 -1.319670e+05
2.030000e-08 -1.518353e+05
2.040000e-08 -1.727589e+05
2.050000e-08 -1.946727e+05
2.060000e-08 -2.175117e+05
2.070000e-08 -2.412103e+05
2.080000e-08 -2.657036e+05
2.090000e-08 -2.909265e+05
2.100000e-08 -3.168148e+05
2.110000e-08 -3.433047e+05
2.120000e-08 -3.703329e+05
2.130000e-08 -3.978370e+05
2.140000e-08 -4.257553e+05
2.150000e-08 -4.540270e+05
2.160000e-08 -4.825921e+05
2.170000e-08 -5.113917e+05
2.180000e-08 -5.403681e+05
2.190000e-08 -5.694645e+05
2.200000e-08 -5.986252e+05
2.210000e-08 -6.277962e+05
2.220000e-08 -6.569242e+05
2.230000e-08 -6.859578e+05
2.240000e-08 -7.148465e+05
2.250000e-08 -7.435418e+05
2.260000e-08 -7.719961e+05
2.270000e-08 -8.001638e+05
2.280000e-08 -8.280007e+05
2.290000e-08 -8.554643e+05
2.300000e-08 -8.825135e+05
2.310000e-08 -9.091091e+05
2.320000e-08 -9.352135e+05
2.330000e-08 -9.607911e+05
2.340000e-08 -9.858075e+05
2.350000e-08 -1.010231e+06
2.360000e-08 -1.034030e+06
2.370000e-08 -1.057176e+06
2.380000e-08 -1.079643e+06
2.390000e-08 -1.101404e+06
2.400000e-08 -1.122437e+06
2.410000e-08 -1.142720e+06
2.420000e-08 -1.162233e+06
2.430000e-08 -1.180958e+06
2.440000e-08 -1.198879e+06
2.450000e-08 -1.215980e+06
2.460000e-08 -1.232249e+06
2.470000e-08 -1.247675e+06
2.480000e-08 -1.262248e+06
2.490000e-08 -1.275960e+06
2.500000e-08 -1.288804e+06
2.510000e-08 -1.300776e+06
2.520000e-08 -1.311873e+06
2.530000e-08 -1.322092e+06
2.540000e-08 -1.331434e+06
2.550000e-08 -1.339899e+06
2.560000e-08 -1.347491e+06
2.570000e-08 -1.354211e+06
2.580000e-08 -1.360067e+06
2.590000e-08 -1.365063e+06
2.600000e-08 -1.369208e+06
2.610000e-08 -1.372510e+06
2.620000e-08 -1.374978e+06
2.630000e-08 -1.376624e+06
2.640000e-08 -1.377460e+06
2.650000e-08 -1.377496e+06
2.660000e-08 -1.376748e+06
2.670000e-08 -1.375230e+06
2.680000e-08 -1.372956e+06
2.690000e-08 -1.369943e+06
2.700000e-08 -1.366206e+06
2.710000e-08 -1.361764e+06
2.720000e-08 -1.356634e+06
2.730000e-08 -1.350833e+06
2.740000e-08 -1.344381e+06
2.750000e-08 -1.337297e+06
2.760000e-08 -1.329600e+06
2.770000e-08 -1.321309e+06
2.780000e-08 -1.312446e+06
2.790000e-08 -1.303030e+06
2.800000e-08 -1.293081e+06
2.810000e-08 -1.282621e+06
2.820000e-08 -1.271669e+06
2.830000e-08 -1.260247e+06
2.840000e-08 -1.248376e+06
2.850000e-08 -1.236075e+06
2.860000e-08 -1.223366e+06
2.870000e-08 -1.210270e+06
2.880000e-08 -1.196807e+06
2.890000e-08 -1.182997e+06
2.900000e-08 -1.168860e+06
2.910000e-08 -1.154416e+06
2.920000e-08 -1.139686e+06
2.930000e-08 -1.124688e+06
2.940000e-08 -1.109442e+06
2.950000e-08 -1.093967e+06
2.960000e-08 -1.078280e+06
2.970000e-08 -1.062402e+06
2.980000e-08 -1.046349e+06
2.990000e-08 -1.030140e+06
3.000000e-08 -1.013791e+06
3.010000e-08 -9.973203e+05
3.020000e-08 -9.807435e+05
3.030000e-08 -9.640772e+05
3.040000e-08 -9.473374e+05
3.050000e-08 -9.305396e+05
3.060000e-08 -9.136991e+05
3.070000e-08 -8.968307e+05
3.080000e-08 -8.799490e+05
3.090000e-08 -8.630682e+05
3.100000e-08 -8.462021e+05
3.110000e-08 -8.293644e+05
3.120000e-08 -8.125682e+05
3.130000e-08 -7.958264e+05
3.140000e-08 -7.791515e+05
3.150000e-08 -7.625560e+05
3.160000e-08 -7.460516e+05
3.170000e-08 -7.296501e+05
3.180000e-08 -7.133628e+05
3.190000e-08 -6.972005e+05
3.200000e-08 -6.811741e+05
3.210000e-08 -6.652938e+05
3.220000e-08 -6.495697e+05
3.230000e-08 -6.340113e+05
3.240000e-08 -6.186279e+05
3.250000e-08 -6.034285e+05
3.260000e-08 -5.884214e+05
3.270000e-08 -5.736149e+05
3.280000e-08 -5.590167e+05
3.290000e-08 -5.446338e+05
3.300000e-08 -5.304732e+05
3.310000e-08 -5.165412e+05
3.320000e-08 -5.028436e+05
3.330000e-08 -4.893858e+05
3.340000e-08 -4.761726e+05
3.350000e-08 -4.632084e+05
3.360000e-08 -4.504971e+05
3.370000e-08 -4.380418e+05
3.380000e-08 -4.258453e+05
3.390000e-08 -4.139100e+05
3.400000e-08 -4.022375e+05
3.410000e-08 -3.908290e+05
3.420000e-08 -3.796852e+05
3.430000e-08 -3.688063e+05
3.440000e-08 -3.581918e+05
3.450000e-08 -3.478412e+05
3.460000e-08 -3.377530e+05
3.470000e-08 -3.279257e+05
3.480000e-08 -3.183571e+05
3.490000e-08 -3.090448e+05
3.500000e-08 -2.999858e+05
3.510000e-08 -2.911771e+05
3.520000e-08 -2.826150e+05
3.530000e-08 -2.742959e+05
3.540000e-08 -2.662156e+05
3.550000e-08 -2.583699e+05
3.560000e-08 -2.507543e+05
3.570000e-08 -2.433642e+05
3.580000e-08 -2.361947e+05
3.590000e-08 -2.292408e+05
3.600000e-08 -2.224977e+05
3.610000e-08 -2.159601e+05
3.620000e-08 -2.096229e+05
3.630000e-08 -2.034808e+05
3.640000e-08 -1.975286e+05
3.650000e-08 -1.917612e+05
3.660000e-08 -1.861732e+05
3.670000e-08 -1.807595e+05
3.680000e-08 -1.755150e+05
3.690000e-08 -1.704345e+05
3.700000e-08 -1.655131e+05
3.710000e-08 -1.607457e+05
3.720000e-08 -1.561277e+05
3.730000e-08 -1.516541e+05
3.740000e-08 -1.473202e+05
3.750000e-08 -1.431217e+05
3.760000e-08 -1.390539e+05
3.770000e-08 -1.351125e+05
3.780000e-08 -1.312933e+05
3.790000e-08 -1.275922e+05
3.800000e-08 -1.240051e+05
3.810000e-08 -1.205282e+05
3.820000e-08 -1.171577e+05
3.830000e-08 -1.138900e+05
3.840000e-08 -1.107214e+05
3.850000e-08 -1.076486e+05
3.860000e-08 -1.046683e+05
3.870000e-08 -1.017773e+05
3.880000e-08 -9.897247e+04
3.890000e-08 -9.625082e+04
3.900000e-08 -9.360949e+04
3.910000e-08 -9.104570e+04
3.920000e-08 -8.855679e+04
3.930000e-08 -8.614018e+04
3.940000e-08 -8.379338e+04
3.950000e-08 -8.151400e+04
3.960000e-08 -7.929975e+04
3.970000e-08 -7.714841e+04
3.980000e-08 -7.505786e+04
3.990000e-08 -7.302603e+04
4.000000e-08 -7.105097e+04
4.010000e-08 -6.913077e+04
4.020000e-08 -6.726362e+04
4.030000e-08 -6.544777e+04
4.040000e-08 -6.368152e+04
4.050000e-08 -6.196326e+04
4.060000e-08 -6.029143e+04
4.070000e-08 -5.866454e+04
4.080000e-08 -5.708115e+04
4.090000e-08 -5.553988e+04
4.100000e-08 -5.403940e+04
4.110000e-08 -5.257843e+04
4.120000e-08 -5.115574e+04
4.130000e-08 -4.977016e+04
4.140000e-08 -4.842055e+04
4.150000e-08 -4.710581e+04
4.160000e-08 -4.582491e+04
4.170000e-08 -4.457682e+04
4.180000e-08 -4.336059e+04
4.190000e-08 -4.217527e+04
4.200000e-08 -4.101997e+04
4.210000e-08 -3.989382e+04
4.220000e-08 -3.879600e+04
4.230000e-08 -3.772569e+04
4.240000e-08 -3.668214e+04
4.250000e-08 -3.566459e+04
4.260000e-08 -3.467234e+04
4.270000e-08 -3.370469e+04
4.280000e-08 -3.276097e+04
4.290000e-08 -3.184056e+04
4.300000e-08 -3.094283e+04
4.310000e-08 -3.006719e+04
4.320000e-08 -2.921306e+04
4.330000e-08 -2.837990e+04
4.340000e-08 -2.756715e+04
4.350000e-08 -2.677432e+04
4.360000e-08 -2.600090e+04
4.370000e-08 -2.524641e+04
4.380000e-08 -2.451038e+04
4.390000e-08 -2.379237e+04
4.400000e-08 -2.309194e+04
4.410000e-08 -2.240867e+04
4.420000e-08 -2.174214e+04
4.430000e-08 -2.109198e+04
4.440000e-08 -2.045779e+04
4.450000e-08 -1.983921e+04
4.460000e-08 -1.923587e+04
4.470000e-08 -1.864744e+04
4.480000e-08 -1.807356e+04
4.490000e-08 -1.751392e+04
4.500000e-08 -1.696820e+04
4.510000e-08 -1.643608e+04
4.520000e-08 -1.591728e+04
4.530000e-08 -1.541149e+04
4.540000e-08 -1.491844e+04
4.550000e-08 -1.443785e+04
4.560000e-08 -1.396944e+04
4.570000e-08 -1.351297e+04
4.580000e-08 -1.306817e+04
4.590000e-08 -1.263479e+04
4.600000e-08 -1.221260e+04
4.610000e-08 -1.180136e+04
4.620000e-08 -1.140084e+04
4.630000e-08 -1.101081e+04
4.640000e-08 -1.063106e+04
4.650000e-08 -1.026137e+04
4.660000e-08 -9.901532e+03
4.670000e-08 -9.551339e+03
4.680000e-08 -9.210593e+03
4.690000e-08 -8.879098e+03
4.700000e-08 -8.556661e+03
4.710000e-08 -8.243095e+03
4.720000e-08 -7.938215e+03
4.730000e-08 -7.641843e+03
4.740000e-08 -7.353801e+03
4.750000e-08 -7.073915e+03
4.760000e-08 -6.802016e+03
4.770000e-08 -6.537938e+03
4.780000e-08 -6.281516e+03
4.790000e-08 -6.032590e+03
4.800000e-08 -5.791002e+03
4.810000e-08 -5.556598e+03
4.820000e-08 -5.329225e+03
4.830000e-08 -5.108733e+03
4.840000e-08 -4.894976e+03
4.850000e-08 -4.687809e+03
4.860000e-08 -4.487091e+03
4.870000e-08 -4.292681e+03
4.880000e-08 -4.104442e+03
4.890000e-08 -3.922239e+03
4.900000e-08 -3.745939e+03
4.910000e-08 -3.575412e+03
4.920000e-08 -3.410527e+03
4.930000e-08 -3.251160e+03
4.940000e-08 -3.097185e+03
4.950000e-08 -2.948479e+03
4.960000e-08 -2.804921e+03
4.970000e-08 -2.666393e+03
4.980000e-08 -2.532778e+03
4.990000e-08 -2.403959e+03
5.000000e-08 -2.279825e+03
5.010000e-08 -2.160262e+03
5.020000e-08 -2.045162e+03
5.030000e-08 -1.934415e+03
5.040000e-08 -1.827916e+03
5.050000e-08 -1.725559e+03
5.060000e-08 -1.627240e+03
5.070000e-08 -1.532860e+03
5.080000e-08 -1.442316e+03
5.090000e-08 -1.355512e+03
5.100000e-08 -1.272349e+03
5.110000e-08 -1.192733e+03
5.120000e-08 -1.116570e+03
5.130000e-08 -1.043768e+03
5.140000e-08 -9.742357e+02
5.150000e-08 -9.078840e+02
5.160000e-08 -8.446251e+02
5.170000e-08 -7.843728e+02
5.180000e-08 -7.270423e+02
5.190000e-08 -6.725503e+02
5.200000e-08 -6.208146e+02
5.210000e-08 -5.717550e+02
5.220000e-08 -5.252922e+02
5.230000e-08 -4.813486e+02
5.240000e-08 -4.398479e+02
5.250000e-08 -4.007152e+02
5.260000e-08 -3.638769e+02
5.270000e-08 -3.292609e+02
5.280000e-08 -2.967964e+02
5.290000e-08 -2.664139e+02
5.300000e-08 -2.380452e+02
5.310000e-08 -2.116236e+02
5.320000e-08 -1.870835e+02
5.330000e-08 -1.643608e+02
5.340000e-08 -1.433925e+02
5.350000e-08 -1.241170e+02
5.360000e-08 -1.064739e+02
5.370000e-08 -9.040420e+01
5.380000e-08 -7.584996e+01
5.390000e-08 -6.275458e+01
5.400000e-08 -5.106266e+01
5.410000e-08 -4.072003e+01
5.420000e-08 -3.167372e+01
5.430000e-08 -2.387192e+01
5.440000e-08 -1.726404e+01
5.450000e-08 -1.180062e+01
5.460000e-08 -7.433373e+00
5.470000e-08 -4.115153e+00
5.480000e-08 -1.799938e+00
5.490000e-08 -4.428206e-01
5.500000e-08 -3.269116e+04
5.510000e-08 -3.216569e+04
5.520000e-08 -3.165335e+04
5.530000e-08 -3.115370e+04
5.540000e-08 -3.066633e+04
5.550000e-08 -3.019084e+04
5.560000e-08 -2.972685e+04
5.570000e-08 -2.927399e+04
5.580000e-08 -2.883192e+04
5.590000e-08 -2.840028e+04
5.600000e-08 -2.797876e+04
5.610000e-08 -2.756705e+04
5.620000e-08 -2.716483e+04
5.630000e-08 -2.677183e+04
5.640000e-08 -2.638776e+04
5.650000e-08 -2.601236e+04
5.660000e-08 -2.564537e+04
5.670000e-08 -2.528654e+04
5.680000e-08 -2.493562e+04
5.690000e-08 -2.459240e+04
5.700000e-08 -2.425664e+04
5.710000e-08 -2.392814e+04
5.720000e-08 -2.360668e+04
5.730000e-08 -2.329207e+04
5.740000e-08 -2.298412e+04
5.750000e-08 -2.268263e+04
5.760000e-08 -2.238744e+04
5.770000e-08 -2.209836e+04
5.780000e-08 -2.181523e+04
5.790000e-08 -2.153788e+04
5.800000e-08 -2.126617e+04
5.810000e-08 -2.099995e+04
5.820000e-08 -2.073905e+04
5.830000e-08 -2.048336e+04
5.840000e-08 -2.023272e+04
5.850000e-08 -1.998700e+04
5.860000e-08 -1.974609e+04
5.870000e-08 -1.950985e+04
5.880000e-08 -1.927817e+04
5.890000e-08 -1.905092e+04
5.900000e-08 -1.882801e+04
5.910000e-08 -1.860931e+04
5.920000e-08 -1.839473e+04
5.930000e-08 -1.818416e+04
5.940000e-08 -1.797751e+04
5.950000e-08 -1.777467e+04
5.960000e-08 -1.757556e+04
5.970000e-08 -1.738008e+04
5.980000e-08 -1.718815e+04
5.990000e-08 -1.699969e+04
6.000000e-08 -1.681460e+04
6.010000e-08 -1.663282e+04
6.020000e-08 -1.645426e+04
6.030000e-08 -1.627885e+04
6.040000e-08 -1.610651e+04
6.050000e-08 -1.593718e+04
6.060000e-08 -1.577079e+04
6.070000e-08 -1.560726e+04
6.080000e-08 -1.544654e+04
6.090000e-08 -1.528856e+04
6.100000e-08 -1.513326e+04
6.110000e-08 -1.498058e+04
6.120000e-08 -1.483046e+04
6.130000e-08 -1.468285e+04
6.140000e-08 -1.453768e+04
6.150000e-08 -1.439492e+04
6.160000e-08 -1.425450e+04
6.170000e-08 -1.411638e+04
6.180000e-08 -1.398050e+04
6.190000e-08 -1.384682e+04
6.200000e-08 -1.371529e+04
6.210000e-08 -1.358587e+04
6.220000e-08 -1.345851e+04
6.230000e-08 -1.333317e+04
6.240000e-08 -1.320980e+04
6.250000e-08 -1.308838e+04
6.260000e-08 -1.296885e+04
6.270000e-08 -1.285117e+04
6.280000e-08 -1.273532e+04
6.290000e-08 -1.262125e+04
6.300000e-08 -1.250893e+04
6.310000e-08 -1.239832e+04
6.320000e-08 -1.228940e+04
6.330000e-08 -1.218211e+04
6.340000e-08 -1.207644e+04
6.350000e-08 -1.197235e+04
6.360000e-08 -1.186981e+04
6.370000e-08 -1.176879e+04
6.380000e-08 -1.166927e+04
6.390000e-08 -1.157120e+04
6.400000e-08 -1.147457e+04
6.410000e-08 -1.137935e+04
6.420000e-08 -1.128551e+04
6.430000e-08 -1.119302e+04
6.440000e-08 -1.110187e+04
6.450000e-08 -1.101201e+04
6.460000e-08 -1.092344e+04
6.470000e-08 -1.083613e+04
6.480000e-08 -1.075004e+04
6.490000e-08 -1.066517e+04
6.500000e-08 -1.058149e+04
6.510000e-08 -1.049898e+04
6.520000e-08 -1.041761e+04
6.530000e-08 -1.033737e+04
6.540000e-08 -1.025823e+04
6.550000e-08 -1.018018e+04
6.560000e-08 -1.010320e+04
6.570000e-08 -1.002726e+04
6.580000e-08 -9.952356e+03
6.590000e-08 -9.878462e+03
6.600000e-08 -9.805562e+03
6.610000e-08 -9.733638e+03
6.620000e-08 -9.662675e+03
6.630000e-08 -9.592656e+03
6.640000e-08 -9.523564e+03
6.650000e-08 -9.455383e+03
6.660000e-08 -9.388099e+03
6.670000e-08 -9.321697e+03
6.680000e-08 -9.256160e+03
6.690000e-08 -9.191476e+03
6.700000e-08 -9.127629e+03
6.710000e-08 -9.064607e+03
6.720000e-08 -9.002395e+03
6.730000e-08 -8.940980e+03
6.740000e-08 -8.880349e+03
6.750000e-08 -8.820489e+03
6.760000e-08 -8.761389e+03
6.770000e-08 -8.703035e+03
6.780000e-08 -8.645415e+03
6.790000e-08 -8.588519e+03
6.800000e-08 -8.532334e+03
6.810000e-08 -8.476849e+03
6.820000e-08 -8.422053e+03
6.830000e-08 -8.367936e+03
6.840000e-08 -8.314486e+03
6.850000e-08 -8.261694e+03
6.860000e-08 -8.209548e+03
6.870000e-08 -8.158040e+03
6.880000e-08 -8.107159e+03
6.890000e-08 -8.056896e+03
6.900000e-08 -8.007241e+03
6.910000e-08 -7.958185e+03
6.920000e-08 -7.909719e+03
6.930000e-08 -7.861834e+03
6.940000e-08 -7.814522e+03
6.950000e-08 -7.767774e+03
6.960000e-08 -7.721581e+03
6.970000e-08 -7.675935e+03
6.980000e-08 -7.630828e+03
6.990000e-08 -7.586253e+03
7.000000e-08 -7.542201e+03
7.010000e-08 -7.498665e+03
7.020000e-08 -7.455638e+03
7.030000e-08 -7.413112e+03
7.040000e-08 -7.371079e+03
7.050000e-08 -7.329533e+03
7.060000e-08 -7.288467e+03
7.070000e-08 -7.247874e+03
7.080000e-08 -7.207748e+03
7.090000e-08 -7.168081e+03
7.100000e-08 -7.128867e+03
7.110000e-08 -7.090100e+03
7.120000e-08 -7.051774e+03
7.130000e-08 -7.013883e+03
7.140000e-08 -6.976421e+03
7.150000e-08 -6.939381e+03
7.160000e-08 -6.902758e+03
7.170000e-08 -6.866546e+03
7.180000e-08 -6.830740e+03
7.190000e-08 -6.795334e+03
7.200000e-08 -6.760322e+03
7.210000e-08 -6.725701e+03
7.220000e-08 -6.691463e+03
7.230000e-08 -6.657605e+03
7.240000e-08 -6.624121e+03
7.250000e-08 -6.591006e+03
7.260000e-08 -6.558255e+03
7.270000e-08 -6.525864e+03
7.280000e-08 -6.493828e+03
7.290000e-08 -6.462142e+03
7.300000e-08 -6.430802e+03
7.310000e-08 -6.399803e+03
7.320000e-08 -6.369140e+03
7.330000e-08 -6.338811e+03
7.340000e-08 -6.308809e+03
7.350000e-08 -6.279132e+03
7.360000e-08 -6.249775e+03
7.370000e-08 -6.220734e+03
7.380000e-08 -6.192005e+03
7.390000e-08 -6.163585e+03
7.400000e-08 -6.135468e+03
7.410000e-08 -6.107652e+03
7.420000e-08 -6.080134e+03
7.430000e-08 -6.052908e+03
7.440000e-08 -6.025972e+03
7.450000e-08 -5.999322e+03
7.460000e-08 -5.972955e+03
7.470000e-08 -5.946866e+03
7.480000e-08 -5.921054e+03
7.490000e-08 -5.895515e+03
7.500000e-08 -5.870244e+03
7.510000e-08 -5.845240e+03
7.520000e-08 -5.820499e+03
7.530000e-08 -5.796017e+03
7.540000e-08 -5.771793e+03
7.550000e-08 -5.747822e+03
7.560000e-08 -5.724102e+03
7.570000e-08 -5.700630e+03
7.580000e-08 -5.677403e+03
7.590000e-08 -5.654419e+03
7.600000e-08 -5.631674e+03
7.610000e-08 -5.609165e+03
7.620000e-08 -5.586891e+03
7.630000e-08 -5.564848e+03
7.640000e-08 -5.543034e+03
7.650000e-08 -5.521446e+03
7.660000e-08 -5.500082e+03
7.670000e-08 -5.478939e+03
7.680000e-08 -5.458015e+03
7.690000e-08 -5.437307e+03
7.700000e-08 -5.416814e+03
7.710000e-08 -5.396532e+03
7.720000e-08 -5.376459e+03
7.730000e-08 -5.356594e+03
7.740000e-08 -5.336933e+03
7.750000e-08 -5.317475e+03
7.760000e-08 -5.298217e+03
7.770000e-08 -5.279158e+03
7.780000e-08 -5.260296e+03
7.790000e-08 -5.241627e+03
7.800000e-08 -5.223150e+03
7.810000e-08 -5.204864e+03
7.820000e-08 -5.186766e+03
7.830000e-08 -5.168854e+03
7.840000e-08 -5.151126e+03
7.850000e-08 -5.133581e+03
7.860000e-08 -5.116216e+03
7.870000e-08 -5.099030e+03
7.880000e-08 -5.082021e+03
7.890000e-08 -5.065187e+03
7.900000e-08 -5.048526e+03
7.910000e-08 -5.032037e+03
7.920000e-08 -5.015718e+03
7.930000e-08 -4.999567e+03
7.940000e-08 -4.983583e+03
7.950000e-08 -4.967763e+03
7.960000e-08 -4.952107e+03
7.970000e-08 -4.936613e+03
7.980000e-08 -4.921279e+03
7.990000e-08 -4.906104e+03
8.000000e-08 -4.891086e+03
8.010000e-08 -4.876223e+03
8.020000e-08 -4.861515e+03
8.030000e-08 -4.846959e+03
8.040000e-08 -4.832555e+03
8.050000e-08 -4.818300e+03
8.060000e-08 -4.804194e+03
8.070000e-08 -4.790235e+03
8.080000e-08 -4.776422e+03
8.090000e-08 -4.762753e+03
8.100000e-08 -4.749228e+03
8.110000e-08 -4.735844e+03
8.120000e-08 -4.722601e+03
8.130000e-08 -4.709497e+03
8.140000e-08 -4.696532e+03
8.150000e-08 -4.683703e+03
8.160000e-08 -4.671009e+03
8.170000e-08 -4.658451e+03
8.180000e-08 -4.646025e+03
8.190000e-08 -4.633732e+03
8.200000e-08 -4.621570e+03
8.210000e-08 -4.609537e+03
8.220000e-08 -4.597634e+03
8.230000e-08 -4.585858e+03
8.240000e-08 -4.574208e+03
8.250000e-08 -4.562685e+03
8.260000e-08 -4.551285e+03
8.270000e-08 -4.540010e+03
8.280000e-08 -4.528856e+03
8.290000e-08 -4.517825e+03
8.300000e-08 -4.506913e+03
8.310000e-08 -4.496122e+03
8.320000e-08 -4.485449e+03
8.330000e-08 -4.474893e+03
8.340000e-08 -4.464454e+03
8.350000e-08 -4.454131e+03
8.360000e-08 -4.443923e+03
8.370000e-08 -4.433829e+03
8.380000e-08 -4.423848e+03
8.390000e-08 -4.413980e+03
8.400000e-08 -4.404222e+03
8.410000e-08 -4.394576e+03
8.420000e-08 -4.385039e+03
8.430000e-08 -4.375611e+03
8.440000e-08 -4.366291e+03
8.450000e-08 -4.357078e+03
8.460000e-08 -4.347972e+03
8.470000e-08 -4.338972e+03
8.480000e-08 -4.330077e+03
8.490000e-08 -4.321286e+03
8.500000e-08 -4.312599e+03
8.510000e-08 -4.304014e+03
8.520000e-08 -4.295532e+03
8.530000e-08 -4.287151e+03
8.540000e-08 -4.278870e+03
8.550000e-08 -4.270690e+03
8.560000e-08 -4.262609e+03
8.570000e-08 -4.254627e+03
8.580000e-08 -4.246743e+03
8.590000e-08 -4.238956e+03
8.600000e-08 -4.231266e+03
8.610000e-08 -4.223672e+03
8.620000e-08 -4.216174e+03
8.630000e-08 -4.208770e+03
8.640000e-08 -4.201461e+03
8.650000e-08 -4.194246e+03
8.660000e-08 -4.187123e+03
8.670000e-08 -4.180094e+03
8.680000e-08 -4.173156e+03
8.690000e-08 -4.166310e+03
8.700000e-08 -4.159554e+03
8.710000e-08 -4.152890e+03
8.720000e-08 -4.146315e+03
8.730000e-08 -4.139829e+03
8.740000e-08 -4.133432e+03
8.750000e-08 -4.127124e+03
8.760000e-08 -4.120903e+03
8.770000e-08 -4.114770e+03
8.780000e-08 -4.108723e+03
8.790000e-08 -4.102763e+03
8.800000e-08 -4.096889e+03
8.810000e-08 -4.091100e+03
8.820000e-08 -4.085397e+03
8.830000e-08 -4.079778e+03
8.840000e-08 -4.074243e+03
8.850000e-08 -4.068792e+03
8.860000e-08 -4.063424e+03
8.870000e-08 -4.058139e+03
8.880000e-08 -4.052937e+03
8.890000e-08 -4.047817e+03
8.900000e-08 -4.042778e+03
8.910000e-08 -4.037821e+03
8.920000e-08 -4.032945e+03
8.930000e-08 -4.028150e+03
8.940000e-08 -4.023434e+03
8.950000e-08 -4.018799e+03
8.960000e-08 -4.014243e+03
8.970000e-08 -4.009766e+03
8.980000e-08 -4.005368e+03
8.990000e-08 -4.001049e+03
9.000000e-08 -3.996808e+03
9.010000e-08 -3.992644e+03
9.020000e-08 -3.988559e+03
9.030000e-08 -3.984550e+03
9.040000e-08 -3.980619e+03
9.050000e-08 -3.976764e+03
9.060000e-08 -3.972985e+03
9.070000e-08 -3.969283e+03
9.080000e-08 -3.965656e+03
9.090000e-08 -3.962106e+03
9.100000e-08 -3.958630e+03
9.110000e-08 -3.955229e+03
9.120000e-08 -3.951904e+03
9.130000e-08 -3.948652e+03
9.140000e-08 -3.945475e+03
9.150000e-08 -3.942373e+03
9.160000e-08 -3.939344e+03
9.170000e-08 -3.936388e+03
9.180000e-08 -3.933506e+03
9.190000e-08 -3.930698e+03
9.200000e-08 -3.927962e+03
9.210000e-08 -3.925299e+03
9.220000e-08 -3.922709e+03
9.230000e-08 -3.920191e+03
9.240000e-08 -3.917746e+03
9.250000e-08 -3.915372e+03
9.260000e-08 -3.913070e+03
9.270000e-08 -3.910841e+03
9.280000e-08 -3.908682e+03
9.290000e-08 -3.906595e+03
9.300000e-08 -3.904580e+03
9.310000e-08 -3.902635e+03
9.320000e-08 -3.900762e+03
9.330000e-08 -3.898959e+03
9.340000e-08 -3.897227e+03
9.350000e-08 -3.895565e+03
9.360000e-08 -3.893974e+03
9.370000e-08 -3.892454e+03
9.380000e-08 -3.891003e+03
9.390000e-08 -3.889623e+03
9.400000e-08 -3.888313e+03
9.410000e-08 -3.887073e+03
9.420000e-08 -3.885902e+03
9.430000e-08 -3.884802e+03
9.440000e-08 -3.883771e+03
9.450000e-08 -3.882810e+03
9.460000e-08 -3.881918e+03
9.470000e-08 -3.881096e+03
9.480000e-08 -3.880343e+03
9.490000e-08 -3.879659e+03
9.500000e-08 -3.879045e+03
9.510000e-08 -3.878500e+03
9.520000e-08 -3.878025e+03
9.530000e-08 -3.877618e+03
9.540000e-08 -3.877281e+03
9.550000e-08 -3.877013e+03
9.560000e-08 -3.876814e+03
9.570000e-08 -3.876684e+03
9.580000e-08 -3.876624e+03
9.590000e-08 -3.876632e+03
9.600000e-08 -3.876710e+03
9.610000e-08 -3.876856e+03
9.620000e-08 -3.877072e+03
9.630000e-08 -3.877357e+03
9.640000e-08 -3.877711e+03
9.650000e-08 -3.878134e+03
9.660000e-08 -3.878627e+03
9.670000e-08 -3.879189e+03
9.680000e-08 -3.879820e+03
9.690000e-08 -3.880520e+03
9.700000e-08 -3.881290e+03
9.710000e-08 -3.882129e+03
9.720000e-08 -3.883038e+03
9.730000e-08 -3.884016e+03
9.740000e-08 -3.885064e+03
9.750000e-08 -3.886182e+03
9.760000e-08 -3.887369e+03
9.770000e-08 -3.888626e+03
9.780000e-08 -3.889954e+03
9.790000e-08 -3.891351e+03
9.800000e-08 -3.892819e+03
9.810000e-08 -3.894356e+03
9.820000e-08 -3.895964e+03
9.830000e-08 -3.897643e+03
9.840000e-08 -3.899392e+03
9.850000e-08 -3.901212e+03
9.860000e-08 -3.903103e+03
9.870000e-08 -3.905065e+03
9.880000e-08 -3.907098e+03
9.890000e-08 -3.909203e+03
9.900000e-08 -3.911378e+03
9.910000e-08 -3.913626e+03
9.920000e-08 -3.915945e+03
9.930000e-08 -3.918336e+03
9.940000e-08 -3.920799e+03
9.950000e-08 -3.923335e+03
9.960000e-08 -3.925943e+03
9.970000e-08 -3.928623e+03
9.980000e-08 -3.931377e+03
9.990000e-08 -3.934203e+03
1.000000e-07 -3.937103e+03
1.001000e-07 -3.940076e+03
1.002000e-07 -3.943123e+03
1.003000e-07 -3.946244e+03
1.004000e-07 -3.949439e+03
1.005000e-07 -3.952708e+03
1.006000e-07 -3.956052e+03
1.007000e-07 -3.959471e+03
1.008000e-07 -3.962965e+03
1.009000e-07 -3.966535e+03
1.010000e-07 -3.970180e+03
1.011000e-07 -3.973901e+03
1.012000e-07 -3.977698e+03
1.013000e-07 -3.981571e+03
1.014000e-07 -3.985521e+03
1.015000e-07 -3.989549e+03
1.016000e-07 -3.993653e+03
1.017000e-07 -3.997836e+03
1.018000e-07 -4.002096e+03
1.019000e-07 -4.006434e+03
1.020000e-07 -4.010852e+03
1.021000e-07 -4.015348e+03
1.022000e-07 -4.019923e+03
1.023000e-07 -4.024578e+03
1.024000e-07 -4.029313e+03
1.025000e-07 -4.034128e+03
1.026000e-07 -4.039024e+03
1.027000e-07 -4.044001e+03
1.028000e-07 -4.049059e+03
1.029000e-07 -4.054199e+03
1.030000e-07 -4.059422e+03
1.031000e-07 -4.064727e+03
1.032000e-07 -4.070115e+03
1.033000e-07 -4.075586e+03
1.034000e-07 -4.081142e+03
1.035000e-07 -4.086781e+03
1.036000e-07 -4.092505e+03
1.037000e-07 -4.098315e+03
1.038000e-07 -4.104210e+03
1.039000e-07 -4.110191e+03
1.040000e-07 -4.116259e+03
1.041000e-07 -4.122413e+03
1.042000e-07 -4.128655e+03
1.043000e-07 -4.134985e+03
1.044000e-07 -4.141404e+03
1.045000e-07 -4.147911e+03
1.046000e-07 -4.154508e+03
1.047000e-07 -4.161195e+03
1.048000e-07 -4.167972e+03
1.049000e-07 -4.174841e+03
1.050000e-07 -4.181801e+03
1.051000e-07 -4.188853e+03
1.052000e-07 -4.195998e+03
1.053000e-07 -4.203236e+03
1.054000e-07 -4.210569e+03
1.055000e-07 -4.217995e+03
1.056000e-07 -4.225517e+03
1.057000e-07 -4.233134e+03
1.058000e-07 -4.240848e+03
1.059000e-07 -4.248658e+03
1.060000e-07 -4.256566e+03
1.061000e-07 -4.264573e+03
1.062000e-07 -4.272678e+03
1.063000e-07 -4.280882e+03
1.064000e-07 -4.289187e+03
1.065000e-07 -4.297593e+03
1.066000e-07 -4.306100e+03
1.067000e-07 -4.314710e+03
1.068000e-07 -4.323422e+03
1.069000e-07 -4.332238e+03
1.070000e-07 -4.341159e+03
1.071000e-07 -4.350185e+03
1.072000e-07 -4.359317e+03
1.073000e-07 -4.368556e+03
1.074000e-07 -4.377902e+03
1.075000e-07 -4.387357e+03
1.076000e-07 -4.396920e+03
1.077000e-07 -4.406594e+03
1.078000e-07 -4.416378e+03
1.079000e-07 -4.426274e+03
1.080000e-07 -4.436283e+03
1.081000e-07 -4.446404e+03
1.082000e-07 -4.456640e+03
1.083000e-07 -4.466992e+03
1.084000e-07 -4.477459e+03
1.085000e-07 -4.488043e+03
1.086000e-07 -4.498745e+03
1.087000e-07 -4.509566e+03
1.088000e-07 -4.520506e+03
1.089000e-07 -4.531568e+03
1.090000e-07 -4.542751e+03
1.091000e-07 -4.554056e+03
1.092000e-07 -4.565486e+03
1.093000e-07 -4.577040e+03
1.094000e-07 -4.588720e+03
1.095000e-07 -4.600527e+03
1.096000e-07 -4.612462e+03
1.097000e-07 -4.624526e+03
1.098000e-07 -4.636721e+03
1.099000e-07 -4.649046e+03
1.100000e-07 -4.661504e+03
1.101000e-07 -4.674095e+03
1.102000e-07 -4.686822e+03
1.103000e-07 -4.699684e+03
1.104000e-07 -4.712683e+03
1.105000e-07 -4.725821e+03
1.106000e-07 -4.739098e+03
1.107000e-07 -4.752516e+03
1.108000e-07 -4.766077e+03
1.109000e-07 -4.779780e+03
1.110000e-07 -4.793629e+03
1.111000e-07 -4.807624e+03
1.112000e-07 -4.821766e+03
1.113000e-07 -4.836057e+03
1.114000e-07 -4.850498e+03
1.115000e-07 -4.865091e+03
1.116000e-07 -4.879837e+03
1.117000e-07 -4.894737e+03
1.118000e-07 -4.909794e+03
1.119000e-07 -4.925007e+03
1.120000e-07 -4.940380e+03
1.121000e-07 -4.955914e+03
1.122000e-07 -4.971610e+03
1.123000e-07 -4.987469e+03
1.124000e-07 -5.003494e+03
1.125000e-07 -5.019686e+03
1.126000e-07 -5.036046e+03
1.127000e-07 -5.052577e+03
1.128000e-07 -5.069280e+03
1.129000e-07 -5.086156e+03
1.130000e-07 -5.103209e+03
1.131000e-07 -5.120438e+03
1.132000e-07 -5.137847e+03
1.133000e-07 -5.155436e+03
1.134000e-07 -5.173209e+03
1.135000e-07 -5.191166e+03
1.136000e-07 -5.209310e+03
1.137000e-07 -5.227643e+03
1.138000e-07 -5.246166e+03
1.139000e-07 -5.264882e+03
1.140000e-07 -5.283792e+03
1.141000e-07 -5.302900e+03
1.142000e-07 -5.322206e+03
1.143000e-07 -5.341713e+03
1.144000e-07 -5.361424e+03
1.145000e-07 -5.381340e+03
1.146000e-07 -5.401463e+03
1.147000e-07 -5.421797e+03
1.148000e-07 -5.442342e+03
1.149000e-07 -5.463103e+03
1.150000e-07 -5.484080e+03
1.151000e-07 -5.505276e+03
1.152000e-07 -5.526695e+03
1.153000e-07 -5.548338e+03
1.154000e-07 -5.570207e+03
1.155000e-07 -5.592306e+03
1.156000e-07 -5.614638e+03
1.157000e-07 -5.637204e+03
1.158000e-07 -5.660007e+03
1.159000e-07 -5.683050e+03
1.160000e-07 -5.706337e+03
1.161000e-07 -5.729869e+03
1.162000e-07 -5.753650e+03
1.163000e-07 -5.777682e+03
1.164000e-07 -5.801969e+03
1.165000e-07 -5.826514e+03
1.166000e-07 -5.851319e+03
1.167000e-07 -5.876388e+03
1.168000e-07 -5.901724e+03
1.169000e-07 -5.927330e+03
1.170000e-07 -5.953209e+03
1.171000e-07 -5.979365e+03
1.172000e-07 -6.005801e+03
1.173000e-07 -6.032520e+03
1.174000e-07 -6.059527e+03
1.175000e-07 -6.086824e+03
1.176000e-07 -6.114415e+03
1.177000e-07 -6.142303e+03
1.178000e-07 -6.170494e+03
1.179000e-07 -6.198989e+03
1.180000e-07 -6.227794e+03
1.181000e-07 -6.256912e+03
1.182000e-07 -6.286347e+03
1.183000e-07 -6.316103e+03
1.184000e-07 -6.346184e+03
1.185000e-07 -6.376594e+03
1.186000e-07 -6.407338e+03
1.187000e-07 -6.438420e+03
1.188000e-07 -6.469844e+03
1.189000e-07 -6.501615e+03
1.190000e-07 -6.533738e+03
1.191000e-07 -6.566216e+03
1.192000e-07 -6.599055e+03
1.193000e-07 -6.632260e+03
1.194000e-07 -6.665835e+03
1.195000e-07 -6.699785e+03
1.196000e-07 -6.734116e+03
1.197000e-07 -6.768832e+03
1.198000e-07 -6.803939e+03
1.199000e-07 -6.803939e+03
